States:
Step 0: [ -0.72688187  -0.50228713   0.04179523   0.52683505  -0.72488027
  -0.42927437  -0.11276938   0.27273294  -0.05749125  -0.0166121
  -1.7408391   -4.44347165 -12.45307176]
Step 1: [ -0.71877924  -0.51616273   0.05523297   0.68564061  -0.79103526
   0.174627     0.02951141   0.19076102  -0.77972498   0.80280571
   4.89385251  -3.67902554 -12.45282596]
Step 2: [ -0.71605057  -0.55295036   0.09184353   0.59996782  -0.75304541
   0.80806687   0.21839472  -0.05528836  -1.41536715   1.39654627
   9.83947874   0.75663428 -12.4517491 ]
Step 3: [ -0.72660111  -0.61398141   0.15326977   0.35160535  -0.60043148
   1.3280225    0.54252696  -0.5939299   -2.22570641   2.31457138
  11.70117235   6.93570907 -12.45150285]
Step 4: [ -0.75577598  -0.70063108   0.24839834   0.06623726  -0.30718573
   1.64643454   1.00662374  -1.14124232  -2.9694694    3.41856746
   9.31996326  13.53789551 -12.45125667]
Step 5: [ -0.79593782  -0.80444614   0.37116673  -0.15656526   0.17652865
   1.75917792   1.49664333  -1.25485388  -3.26914016   3.94486134
   4.16995022  16.59836416 -12.45185241]
Step 6: [ -0.84224514  -0.93043406   0.5333464   -0.29967249   0.87821437
   1.71721612   1.84997575  -1.52485217  -4.31244743   5.73696007
  -4.19877229  15.07092257 -12.45219843]
Step 7: [ -0.90166387  -1.09685048   0.75706547  -0.44727953   1.7500076
   1.58352228   1.92049102  -2.10756986  -5.65107095   7.62170167
 -11.83532035   8.72494536 -12.45219796]
Step 8: [ -0.97554018  -1.28902485   1.01480529  -0.71550717   2.67147225
   1.38195102   1.66463772  -2.35446503  -5.85384288   7.84299341
 -17.83832616   0.13065395 -12.45160222]
Step 9: [ -1.05980781  -1.48475884   1.27988575  -1.16129842   3.4900349
   1.09861201   1.15520214  -2.72271682  -5.8584095    8.08664639
 -20.13624388 -10.48971998 -12.45100647]
Step 10: [ -1.16775238  -1.67758252   1.56796758  -1.81206621   4.05709724
   0.73914439   0.49496914  -3.75832113  -5.66115448   9.28835894
 -17.15459213 -22.24098616 -12.44981499]
Step 11: [ -1.31156601  -1.85826997   1.91395004  -2.54688001   4.27425508
   0.2561258   -0.10989299  -4.82325807  -5.18344354  11.58306645
  -8.56892243 -31.916533   -12.4491865 ]
Step 12: [ -1.48995862  -2.02533161   2.35737743  -3.24689966   4.12080748
  -0.37253427  -0.57837892  -5.79183578  -4.91501908  15.1031203
   3.22504874 -37.69798995 -12.44888705]
Step 13: [ -1.68757734  -2.19037375   2.90078812  -3.78033234   3.64197129
  -1.20765964  -0.86552394  -6.01029756  -5.06340166  17.48681642
  15.75016145 -34.38625268 -12.44857886]
Step 14: [ -1.88931998  -2.36782967   3.52802183  -4.02033213   2.91842562
  -2.33096686  -0.96681755  -6.07207198  -5.64708647  20.03309826
  27.97731518 -26.24179588 -12.44822924]
Step 15: [ -2.09351745  -2.5620002    4.21236771  -3.83801622   2.02972666
  -3.72387133  -0.96591032  -6.20889755  -5.9840701   20.91830285
  39.01726239 -14.13093516 -12.44728353]
Step 16: [ -2.30469619  -2.76104418   4.9150587   -3.1720814    1.06346503
  -5.22196208  -1.00131319  -6.53021318  -5.86209753  21.14117782
  46.14180772   1.61411611 -12.44633601]
Step 17: [ -2.53476769  -2.94040661   5.61788869  -2.01484188   0.17185962
  -6.59343572  -1.22155798  -7.38635635  -4.69594746  20.98529917
  47.6124      19.90649828 -12.44514453]
Step 18: [ -2.80776593  -3.05153955   6.31475537  -0.55454184  -0.55510105
  -7.54011983  -1.64020149  -9.12498915  -1.70475914  20.92671776
  43.0026411   38.28661089 -12.44429997]
Step 19: [ -3.15054641  -3.02691003   7.02705154   0.96074989  -1.06703101
  -7.79663     -2.37120683 -11.49357246   3.36000703  22.14696419
  31.07065858  55.49509522 -12.4440202 ]
Step 20: [ -3.57338566  -2.82919675   7.80996455   2.22616113  -1.46680831
  -7.19051741  -3.29122468 -13.77440423   8.41908394  25.21248293
  13.04092182  68.39453016 -12.44374145]
Step 21: [ -4.06307259  -2.47323431   8.7338412    3.01325951  -1.93875218
  -5.73285526  -4.16141555 -15.34097695  12.57140018  30.46175521
  -7.88566062  73.82319275 -12.44468764]
Step 22: [ -4.58311009  -2.03046461   9.80775154   3.22527248  -2.66577535
  -3.54543323  -4.7759891  -15.64911223  13.70356409  33.89549857
 -30.56149245  71.04681376 -12.44294648]
Step 23: [ -5.10110296  -1.5735235   10.97560833   2.77568603  -3.78526702
  -0.87017337  -4.84180673 -15.30528026  13.55490941  35.86371623
 -53.20900863  61.63007729 -12.441755  ]
Step 24: [ -5.60018188  -1.12610212  12.17524775   1.68890295  -5.30395375
   1.83437344  -3.88603168 -14.67947312  13.42029016  35.63780258
 -74.73525303  46.28149032 -12.44056351]
Step 25: [ -6.08308113  -0.65834708  13.32609309   0.37798774  -6.81926893
   3.9965161   -1.60464283 -14.48282341  15.09745438  33.06218761
 -93.71185926  24.14741608 -12.43937203]
Step 26: [-6.57028240e+00 -8.89233265e-02  1.43691434e+01 -6.02134982e-01
 -7.63100481e+00  5.13156947e+00  1.78102283e+00 -1.49288548e+01
  1.95793444e+01  2.95726836e+01 -1.07718102e+02 -5.16800137e+00
 -1.24381806e+01]
Step 27: [  -7.07541997    0.66289355   15.30899088   -0.86811603   -6.99031874
    5.1028856     5.37708817  -15.37798512   25.6982015    27.24626877
 -113.40043609  -41.01841631  -12.43698907]
Step 28: [  -7.58376768    1.58982481   16.20753872   -0.45103383   -4.62163996
    4.31614416    7.83391741  -14.96209153   29.68044678   27.01681423
 -105.73814769  -81.09459828  -12.43695262]
Step 29: [  -8.05271155    2.62354213   17.1253708     0.12702639   -1.24825988
    3.60568061    8.03659031  -12.9570343    31.8849022    28.17128169
  -83.67817346 -119.14285239  -12.43695262]
Step 30: [-8.46342723e+00  3.69005106e+00  1.80665252e+01  6.51400680e-02
  2.02573801e+00  3.38468908e+00  6.15332742e+00 -1.16536082e+01
  3.20094295e+01  2.82078870e+01 -4.45025944e+01 -1.51524993e+02
 -1.24375484e+01]
Step 31: [  -8.83237514    4.75775703   18.99641403   -0.97358525    4.57037505
    3.5137279     3.12730092  -10.53553802   32.10602049   27.4685365
    9.00682456 -168.82709631  -12.4381441 ]
Step 32: [-9.15117089e+00  5.85752611e+00  1.98587580e+01 -2.84420679e+00
  5.94328382e+00  3.70124888e+00 -4.47505633e-02 -8.85051701e+00
  3.42170148e+01  2.41372744e+01  6.97541076e+01 -1.63424627e+02
 -1.24387398e+01]
Step 33: [  -9.43564167    7.07901699   20.58988247   -5.02542771    5.97562208
    3.55848624   -2.68386677   -8.45691758   39.3966825    19.92702851
  128.43610536 -134.03348949  -12.43873985]
Step 34: [ -9.72303549   8.48820656  21.21042552  -6.86172938   4.8732405
   2.56960621  -4.21295014  -8.71306253  45.11425432  17.67947252
 176.07217108 -82.73055018 -12.43873985]
Step 35: [-10.00416866  10.06678318  21.79497357  -7.51594843   3.24187651
   0.55756129  -4.58246294  -7.81772592  49.28783168  17.57895243
 203.02800966 -15.36437691 -12.43754837]
Step 36: [-10.22403268  11.75027876  22.37888907  -6.46319942   1.80325866
  -2.17151796  -4.19757078  -5.0572542   51.48641182  17.25339005
 203.16589164  60.11488158 -12.43754837]
Step 37: [-10.3284712   13.49423298  22.9209725   -3.71322668   1.04780124
  -4.89538935  -3.67414919  -1.21347152  53.22015518  14.82776924
 174.58998121 134.9285183  -12.43754836]
Step 38: [-10.3147148   15.31611183  23.33448834   0.20625439   0.99970081
  -6.7531413   -3.53051693   1.6487909   56.40376923   9.66954604
 117.77734471 197.83019312 -12.43754836]
Step 39: [-10.24902559  17.27884195  23.54585749   4.42206826   1.21001399
  -7.10321588  -3.97229507   1.78142749  61.65936937   3.12011622
  37.7401636  237.87467645 -12.43754836]
Step 40: [-10.2239523   19.42635488  23.55650343   7.95100144   0.95327867
  -5.84038277  -4.8281644   -0.45564161  67.28477433  -2.05718641
 -54.46682739 245.62183613 -12.4361125 ]
Step 41: [ -10.26653064   21.72508522   23.4504106     9.97402196   -0.35974985
   -3.48570436   -5.58399484   -1.91191639   70.60600664   -4.0582755
 -145.87562385  217.38897339  -12.43643284]
Step 42: [ -10.34348787   24.1613675    23.28429658   10.17403329   -2.81935899
   -0.77785336   -5.50650806   -2.10963915   75.47622641   -5.89519874
 -224.46049426  154.01356634  -12.43619111]
Step 43: [ -10.37262785   26.76471629   23.0323824     8.58148572   -5.87362958
    1.15583644   -3.88257841    0.76388018   80.67701221   -9.78274875
 -277.43244585   61.49126477  -12.43619111]
Step 44: [ -10.28398183   29.54719333   22.58069233    5.91607768   -8.33360223
    1.95909659   -0.44953817    4.23564259   86.24191292  -18.00083984
 -290.88029093  -46.10434195  -12.43619111]
Step 45: [ -10.12750599   32.49613772   21.8314308     3.0998269    -9.21046048
    1.94287048    4.40394185    4.49172343   90.66758479  -27.10151874
 -262.68728066 -155.26212883  -12.43559538]
Step 46: [ -10.01288939   35.57485033   20.8037944     0.82902279   -8.0688888
    1.81965011    9.79303598    1.90383709   94.07525094  -34.28299668
 -192.72406702 -250.49663716  -12.43595243]
Step 47: [-1.00274737e+01  3.87736396e+01  1.95578628e+01 -2.88944411e-01
 -5.09634861e+00  2.40463095e+00  1.44003141e+01 -2.90854682e+00
  9.79833922e+01 -3.99843040e+01 -8.96861789e+01 -3.13145129e+02
 -1.24350389e+01]
Step 48: [ -10.20587479   42.11547421   18.16164765   -0.36305242   -1.14564634
    4.35319026   16.73636484   -7.442399    102.72509753  -43.52911768
   33.6586564  -334.04235852  -12.43412375]
Step 49: [-1.05174666e+01  4.56891487e+01  1.66277668e+01 -2.51214626e-01
  2.53816031e+00  7.46557441e+00  1.57239808e+01 -1.04654202e+01
  1.11800203e+02 -4.89227432e+01  1.58975714e+02 -3.05507638e+02
 -1.24340927e+01]
Step 50: [ -10.85571957   49.60446972   14.8138668    -1.21252965    4.95527545
   10.64023746   11.15396734   -9.59517169  122.67094385  -60.99001919
  268.39339248 -230.49410145  -12.43409271]
Step 51: [ -11.1661726    53.77622907   12.61293122   -4.14931058    5.84753508
   12.07830724    4.3205033    -9.48365913  127.22231609  -71.38372505
  344.9890164  -117.25849925  -12.43528419]
Step 52: [-11.50496831  58.04664053  10.11104024  -8.90967253   6.01645021
  10.84467989  -2.7815808  -11.28101508 128.84831801 -78.59884043
 373.43370635  19.58716949 -12.43528061]
Step 53: [-11.980917    62.37273396   7.32355983 -14.70933626   6.22157371
   6.87803874  -8.3684171  -17.82631884 130.87078141 -88.07230524
 347.28466349 161.13064576 -12.43584143]
Step 54: [-12.7256942   66.77780575   4.27117396 -19.70576629   7.7048045
   0.84831833 -11.21902694 -26.95035606 133.93899458 -94.59033753
 269.84982622 285.21740329 -12.43549182]
Step 55: [ -13.87820558   71.3667833     0.99129845  -21.64609686   10.96199536
   -5.57756162  -11.37999044  -41.63173403  142.20029291 -102.33426787
  148.01574922  373.26977759  -12.43454771]
Step 56: [ -15.52395993   76.32680873   -2.61543491  -19.09472152   15.36468849
  -10.33195783  -10.08051059  -56.31713142  155.45258245 -115.37414293
   -0.90376377  409.42999987  -12.43456843]
Step 57: [ -17.55435543   81.70107139   -6.74352706  -11.80438558   19.10658349
  -12.95202641   -8.56832639  -65.31807099  166.05523496 -133.44561931
 -156.84178442  387.37655511  -12.43519627]
Step 58: [ -19.87411912   87.38696812  -11.61122491   -2.03468655   19.90894308
  -13.4740474    -8.27240258  -74.31998572  173.71184583 -158.93376383
 -296.66590937  304.98553971  -12.43582441]
Step 59: [ -22.5318331    93.24613988  -17.38694847    7.88732537   17.42904253
  -13.12451957   -9.80738262  -85.98170771  176.83857922 -186.95616867
 -395.35661046  174.48901519  -12.43617446]
Step 60: [ -25.69918155   99.13616431  -24.15460241   16.09403795   12.23275518
  -13.16202316  -12.74086036 -105.04008493  176.44424908 -217.75437198
 -436.83786648   11.59086326  -12.4358969 ]

Controls:
Step 0: [4.75092032e-01 1.65713299e-08 6.99999976e-01 4.30962069e-01]
Step 1: [4.70172905e-01 4.50539137e-01 6.99999919e-01 1.73506506e-08]
Step 2: [4.67080775e-01 4.45250659e-08 4.65608672e-01 2.49521731e-08]
Step 3: [4.64074421e-01 3.37254576e-07 4.47560890e-01 5.50380718e-08]
Step 4: [0.4605542  0.49784511 0.44734144 0.69999969]
Step 5: [4.56057439e-01 6.99999966e-01 2.28556220e-08 6.99999952e-01]
Step 6: [2.07033146e-08 6.99999973e-01 2.00083929e-08 6.99999970e-01]
Step 7: [0.43080862 0.69999997 0.45073252 0.49598595]
Step 8: [0.39028179 0.69999997 0.45238819 0.47935554]
Step 9: [1.90450110e-08 6.99999969e-01 4.54009074e-01 4.74660955e-01]
Step 10: [2.78967260e-08 6.99999955e-01 4.55852818e-01 6.99999954e-01]
Step 11: [6.04699801e-08 6.99999889e-01 1.08268485e-07 6.99999894e-01]
Step 12: [6.99999690e-01 3.76219499e-01 6.99999346e-01 2.05422254e-07]
Step 13: [6.99999952e-01 4.50727731e-01 6.99999921e-01 5.11528128e-08]
Step 14: [4.97582682e-01 4.54671119e-01 6.99999947e-01 3.13181714e-08]
Step 15: [4.81577441e-01 4.56134637e-01 6.99999955e-01 2.54338545e-08]
Step 16: [4.75695404e-01 4.58031165e-01 6.99999957e-01 1.92132850e-08]
Step 17: [4.78727995e-01 4.36500656e-08 6.99999956e-01 2.23756556e-08]
Step 18: [6.99999952e-01 5.69330397e-08 6.99999951e-01 3.29909303e-08]
Step 19: [6.99999919e-01 1.04549251e-07 6.99999939e-01 7.89498669e-08]
Step 20: [6.99999778e-01 3.20616621e-06 6.99999903e-01 6.99999796e-01]
Step 21: [1.52570747e-07 6.99999883e-01 6.99999601e-01 5.03155531e-01]
Step 22: [5.58652964e-08 6.99999947e-01 4.58863355e-01 4.79671732e-01]
Step 23: [3.45076872e-08 6.99999948e-01 4.54061503e-01 4.76286916e-01]
Step 24: [2.90020739e-08 6.99999929e-01 4.51207728e-01 4.74396949e-01]
Step 25: [3.39965590e-08 6.99999883e-01 4.45286477e-01 4.72533017e-01]
Step 26: [6.50088524e-08 6.99999851e-01 4.39429686e-01 4.70989514e-01]
Step 27: [1.41529279e-06 5.40745125e-01 5.01759154e-01 6.99999848e-01]
Step 28: [0.69999987 0.4740538  0.69999992 0.47147299]
Step 29: [0.69999989 0.45690602 0.54878531 0.47025928]
Step 30: [0.69999988 0.41031413 0.52434338 0.46591302]
Step 31: [6.99999863e-01 6.72665798e-08 5.57859042e-01 2.55410055e-07]
Step 32: [6.99999844e-01 8.17661394e-08 6.99999923e-01 1.69481077e-07]
Step 33: [6.99999849e-01 1.73748501e-07 6.99999859e-01 1.81517852e-07]
Step 34: [6.99999875e-01 6.99999445e-01 6.99999510e-01 2.29271530e-07]
Step 35: [6.99999893e-01 6.99999878e-01 3.71143104e-07 2.47268828e-07]
Step 36: [6.99999888e-01 6.99999917e-01 1.33696823e-07 2.19591235e-07]
Step 37: [6.99999835e-01 6.99999922e-01 8.79635450e-08 2.10526588e-07]
Step 38: [6.99999482e-01 6.99999911e-01 7.76812346e-08 2.69384498e-07]
Step 39: [5.79280676e-07 6.99999882e-01 1.13997887e-07 7.51946138e-07]
Step 40: [2.50796869e-07 5.86394065e-01 1.66539770e-07 6.99999304e-01]
Step 41: [1.85400622e-07 6.99999684e-01 3.52974823e-07 6.99999790e-01]
Step 42: [1.54453468e-07 6.99993608e-01 6.38590555e-06 6.99999843e-01]
Step 43: [1.37567816e-07 2.94994578e-07 6.99999539e-01 6.99999832e-01]
Step 44: [1.38721518e-07 1.50193646e-07 6.99999701e-01 5.73058446e-01]
Step 45: [1.68732307e-07 1.45660938e-07 6.34004805e-01 6.99998827e-01]
Step 46: [3.57847393e-07 1.55447278e-07 6.99999641e-01 1.11692689e-06]
Step 47: [1.46274470e-06 1.94990336e-07 6.99999596e-01 4.98022699e-07]
Step 48: [6.99999153e-01 2.30530680e-07 6.99999573e-01 2.79855244e-07]
Step 49: [6.99999660e-01 4.52183139e-07 6.99998605e-01 2.23406232e-07]
Step 50: [6.99999673e-01 1.52630504e-06 4.55314384e-01 5.78400529e-04]
Step 51: [4.77851600e-01 4.73621169e-01 3.54262063e-07 2.37159586e-07]
Step 52: [6.99998722e-01 4.76980925e-01 2.49104110e-07 2.62883174e-07]
Step 53: [6.38354549e-06 5.24391367e-01 2.33618840e-07 3.74674391e-07]
Step 54: [1.26643988e-06 6.99999574e-01 2.75844528e-07 9.65465632e-07]
Step 55: [5.84492910e-07 6.99999431e-01 2.98633756e-07 6.99998182e-01]
Step 56: [1.72089036e-02 6.99999129e-01 4.66589542e-07 6.99999459e-01]
Step 57: [2.39281114e-01 6.99995517e-01 9.43732616e-07 6.99999569e-01]
Step 58: [2.34359247e-02 1.47791933e-06 6.99958293e-01 6.99999561e-01]
Step 59: [3.88551836e-07 7.52130708e-07 6.99999068e-01 6.99999320e-01]
