0.02,-0.008,0.016,1.0,0.0,-0.003,-0.021,-0.002,-0.0,0.001,-0.022,0.008,0.005
0.02,-0.008,0.016,1.0,0.0,-0.003,-0.021,-0.0,-0.001,-0.003,-0.021,0.003,-0.0
0.02,-0.008,0.016,1.0,0.001,-0.004,-0.022,-0.0,-0.0,0.006,0.021,-0.014,-0.006
0.02,-0.008,0.017,1.0,0.0,-0.004,-0.022,0.001,0.0,0.015,-0.0,0.004,-0.03
0.02,-0.008,0.018,1.0,0.002,-0.004,-0.023,0.002,0.012,0.038,0.094,0.011,-0.072
0.02,-0.008,0.021,1.0,-0.0,-0.001,-0.022,-0.001,0.007,0.078,-0.111,0.155,0.051
0.02,-0.007,0.026,1.0,-0.002,-0.001,-0.022,0.003,0.014,0.158,0.001,0.189,-0.105
0.02,-0.007,0.034,1.0,-0.001,-0.001,-0.023,0.005,0.022,0.23,0.142,-0.025,-0.125
0.021,-0.006,0.044,1.0,-0.004,-0.005,-0.024,0.013,0.029,0.293,-0.232,-0.252,-0.245
0.02,-0.005,0.056,1.0,0.003,-0.005,-0.021,-0.006,0.038,0.355,0.236,-0.052,0.067
0.02,-0.004,0.069,1.0,0.001,-0.001,-0.022,-0.012,0.017,0.385,0.061,0.137,-0.008
0.019,-0.003,0.081,1.0,-0.001,0.001,-0.024,-0.029,0.025,0.379,-0.32,0.163,-0.254
0.019,-0.002,0.092,1.0,0.0,-0.002,-0.018,-0.011,0.018,0.314,-0.008,-0.204,0.324
0.018,-0.001,0.102,1.0,0.007,-0.001,-0.02,-0.006,0.021,0.289,0.541,-0.04,0.068
0.018,-0.001,0.11,1.0,0.004,-0.002,-0.022,-0.02,0.016,0.266,0.097,-0.158,-0.083
0.017,0.0,0.116,1.0,0.001,-0.0,-0.02,-0.019,0.019,0.189,-0.019,0.042,0.049
0.017,0.001,0.122,1.0,0.005,-0.001,-0.019,-0.015,0.016,0.164,0.457,-0.052,0.198
0.016,0.002,0.125,1.0,-0.002,-0.001,-0.023,-0.012,0.027,0.104,-0.084,-0.167,-0.145
0.016,0.003,0.128,1.0,0.003,-0.002,-0.018,-0.012,0.014,0.087,0.097,-0.039,0.215
0.015,0.003,0.13,1.0,-0.002,0.003,-0.02,-0.012,0.022,0.07,-0.185,0.185,-0.088
0.015,0.004,0.132,1.0,-0.003,0.0,-0.022,-0.004,0.021,0.052,-0.068,-0.029,-0.146
0.015,0.005,0.134,1.0,0.0,0.003,-0.02,-0.01,0.012,0.054,0.217,0.257,0.185
0.015,0.005,0.135,1.0,0.001,0.0,-0.019,-0.008,0.019,0.042,0.079,-0.137,0.057
0.015,0.006,0.136,1.0,0.001,-0.0,-0.019,-0.001,0.016,0.038,-0.075,-0.068,0.026
0.015,0.007,0.138,1.0,0.001,-0.002,-0.019,0.001,0.019,0.045,0.069,-0.047,0.003
0.015,0.007,0.14,1.0,-0.002,0.002,-0.02,0.001,0.02,0.062,-0.145,0.166,-0.02
0.015,0.008,0.142,1.0,-0.002,0.003,-0.02,0.002,0.021,0.068,-0.006,0.144,0.059
0.015,0.008,0.144,1.0,0.004,-0.007,-0.02,0.004,0.008,0.074,0.278,-0.42,0.016
0.015,0.008,0.148,1.0,0.001,0.001,-0.019,-0.007,-0.014,0.12,-0.2,0.524,0.08
0.015,0.009,0.151,1.0,0.003,-0.005,-0.02,0.0,0.012,0.097,0.054,-0.213,0.046
0.015,0.009,0.151,1.0,0.003,-0.005,-0.02,0.0,0.012,0.097,0.054,-0.213,0.046
0.015,0.009,0.155,1.0,-0.0,-0.002,-0.022,0.011,0.002,0.118,-0.279,-0.026,-0.182
0.015,0.009,0.166,1.0,-0.0,0.001,-0.019,-0.005,-0.002,0.169,-0.19,0.226,-0.037
0.015,0.009,0.166,1.0,-0.0,0.001,-0.019,-0.005,-0.002,0.169,-0.19,0.226,-0.037
0.015,0.009,0.171,1.0,0.002,-0.0,-0.018,-0.001,0.004,0.174,0.11,0.042,0.061
0.015,0.008,0.185,1.0,0.007,-0.003,-0.017,0.006,-0.014,0.229,0.419,-0.105,0.076
0.015,0.008,0.185,1.0,0.007,-0.003,-0.017,0.006,-0.014,0.229,0.419,-0.105,0.076
0.016,0.008,0.192,1.0,0.005,-0.005,-0.019,0.011,-0.012,0.229,0.278,-0.26,-0.031
0.016,0.007,0.209,1.0,-0.0,-0.001,-0.018,0.011,-0.014,0.257,-0.052,0.076,-0.007
0.016,0.007,0.209,1.0,-0.0,-0.001,-0.018,0.011,-0.014,0.257,-0.052,0.076,-0.007
0.016,0.007,0.217,1.0,-0.001,-0.005,-0.019,0.006,-0.009,0.258,-0.073,-0.286,-0.061
0.017,0.006,0.237,1.0,-0.0,0.0,-0.017,0.009,-0.01,0.292,0.106,0.267,0.064
0.017,0.006,0.237,1.0,-0.0,0.0,-0.017,0.009,-0.01,0.292,0.106,0.267,0.064
0.017,0.005,0.245,1.0,-0.004,-0.005,-0.017,0.003,-0.02,0.296,-0.106,-0.21,0.089
0.017,0.005,0.267,1.0,-0.004,-0.003,-0.017,-0.009,-0.014,0.319,-0.17,0.12,0.076
0.017,0.005,0.267,1.0,-0.004,-0.003,-0.017,-0.009,-0.014,0.319,-0.17,0.12,0.076
0.017,0.005,0.277,1.0,-0.003,-0.002,-0.018,0.005,-0.009,0.325,-0.016,0.158,-0.029
0.017,0.004,0.299,1.0,-0.003,-0.006,-0.017,0.005,-0.009,0.345,-0.216,0.021,-0.106
0.017,0.004,0.299,1.0,-0.003,-0.006,-0.017,0.005,-0.009,0.345,-0.216,0.021,-0.106
0.017,0.005,0.321,1.0,0.001,-0.007,-0.016,-0.007,-0.001,0.314,0.066,-0.136,0.052
0.017,0.004,0.332,1.0,0.003,-0.005,-0.015,0.002,-0.005,0.323,0.107,0.082,0.125
0.017,0.004,0.332,1.0,0.003,-0.005,-0.015,0.002,-0.005,0.323,0.107,0.082,0.125
0.017,0.004,0.341,1.0,0.001,-0.006,-0.015,-0.005,-0.002,0.322,-0.011,-0.019,0.051
0.016,0.004,0.363,1.0,0.001,-0.006,-0.015,-0.011,-0.006,0.307,-0.035,-0.081,0.046
0.016,0.004,0.363,1.0,0.001,-0.006,-0.015,-0.011,-0.006,0.307,-0.035,-0.081,0.046
0.016,0.004,0.372,1.0,0.001,0.0,-0.016,-0.007,-0.007,0.32,0.031,0.44,-0.028
0.015,0.003,0.394,1.0,0.001,-0.002,-0.015,-0.016,-0.004,0.299,0.068,-0.011,-0.09
0.015,0.003,0.394,1.0,0.001,-0.002,-0.015,-0.016,-0.004,0.299,0.068,-0.011,-0.09
0.015,0.003,0.414,1.0,0.0,0.0,-0.016,-0.005,-0.012,0.306,-0.006,0.078,-0.051
0.014,0.002,0.423,1.0,0.001,-0.001,-0.015,-0.013,-0.007,0.29,0.107,-0.133,0.068
0.014,0.002,0.433,1.0,0.001,-0.002,-0.015,-0.005,-0.012,0.279,0.007,-0.218,-0.005
0.015,0.002,0.442,1.0,0.001,0.001,-0.014,0.006,-0.007,0.286,0.073,0.142,-0.047
0.015,0.001,0.451,1.0,0.0,0.001,-0.014,0.009,-0.007,0.278,0.007,-0.081,-0.026
0.015,0.001,0.451,1.0,0.0,0.001,-0.014,0.009,-0.007,0.278,0.007,-0.081,-0.026
0.015,0.001,0.459,1.0,-0.0,0.003,-0.014,0.01,-0.012,0.273,0.032,0.01,0.002
0.016,0.001,0.478,1.0,-0.001,0.005,-0.013,0.018,-0.011,0.267,-0.028,0.078,0.035
0.016,0.001,0.478,1.0,-0.001,0.005,-0.013,0.018,-0.011,0.267,-0.028,0.078,0.035
0.017,0.001,0.487,1.0,-0.002,0.008,-0.014,0.027,-0.001,0.277,-0.067,0.267,-0.059
0.019,0.0,0.505,1.0,0.0,0.005,-0.013,0.034,-0.004,0.267,0.089,-0.093,0.018
0.019,0.0,0.505,1.0,0.0,0.005,-0.013,0.034,-0.004,0.267,0.089,-0.093,0.018
0.02,-0.0,0.512,1.0,0.0,0.005,-0.013,0.038,-0.006,0.247,0.051,-0.112,0.001
0.023,-0.001,0.53,1.0,-0.0,0.007,-0.013,0.047,-0.005,0.251,0.013,0.042,0.027
0.023,-0.001,0.53,1.0,-0.0,0.007,-0.013,0.047,-0.005,0.251,0.013,0.042,0.027
0.025,-0.001,0.537,1.0,-0.001,0.007,-0.014,0.066,-0.005,0.249,-0.085,0.061,-0.122
0.03,-0.002,0.554,1.0,-0.0,0.006,-0.013,0.07,-0.007,0.242,0.014,-0.065,-0.097
0.03,-0.002,0.554,1.0,-0.0,0.006,-0.013,0.07,-0.007,0.242,0.014,-0.065,-0.097
0.032,-0.003,0.562,1.0,-0.0,0.006,-0.012,0.068,-0.018,0.243,0.028,-0.153,0.028
0.038,-0.003,0.578,1.0,0.0,0.008,-0.012,0.088,-0.014,0.24,0.025,-0.189,-0.037
0.038,-0.003,0.578,1.0,0.0,0.008,-0.012,0.088,-0.014,0.24,0.025,-0.189,-0.037
0.042,-0.004,0.586,1.0,-0.0,0.01,-0.012,0.096,-0.016,0.238,-0.076,0.028,0.03
0.049,-0.005,0.602,1.0,-0.001,0.013,-0.013,0.118,-0.011,0.248,-0.123,0.205,-0.089
0.049,-0.005,0.602,1.0,-0.001,0.013,-0.013,0.118,-0.011,0.248,-0.123,0.205,-0.089
0.053,-0.006,0.611,1.0,-0.001,0.013,-0.012,0.128,-0.026,0.256,-0.046,-0.006,-0.044
0.062,-0.007,0.627,1.0,0.0,0.012,-0.011,0.143,-0.018,0.244,0.026,0.121,0.149
0.062,-0.007,0.627,1.0,0.0,0.012,-0.011,0.143,-0.018,0.244,0.026,0.121,0.149
0.067,-0.007,0.635,1.0,0.001,0.012,-0.011,0.148,-0.024,0.255,0.127,0.093,0.069
0.078,-0.009,0.652,1.0,0.001,0.009,-0.011,0.157,-0.024,0.246,0.09,-0.119,-0.01
0.078,-0.009,0.652,1.0,0.001,0.009,-0.011,0.157,-0.024,0.246,0.09,-0.119,-0.01
0.084,-0.01,0.661,1.0,0.001,0.012,-0.011,0.173,-0.019,0.26,-0.004,0.164,-0.032
0.096,-0.012,0.678,1.0,-0.001,0.011,-0.01,0.182,-0.025,0.255,-0.034,0.134,0.007
0.096,-0.012,0.678,1.0,-0.001,0.011,-0.01,0.182,-0.025,0.255,-0.034,0.134,0.007
0.102,-0.013,0.687,1.0,-0.002,0.012,-0.01,0.189,-0.034,0.271,-0.056,0.089,0.044
0.115,-0.015,0.705,1.0,-0.002,0.008,-0.01,0.202,-0.03,0.279,-0.077,-0.155,0.006
0.115,-0.015,0.705,1.0,-0.002,0.008,-0.01,0.202,-0.03,0.279,-0.077,-0.155,0.006
0.122,-0.016,0.714,1.0,-0.001,0.008,-0.01,0.208,-0.028,0.277,0.024,-0.163,0.011
0.137,-0.018,0.733,1.0,-0.002,0.011,-0.008,0.218,-0.035,0.277,-0.079,0.067,0.085
0.137,-0.018,0.733,1.0,-0.002,0.011,-0.008,0.218,-0.035,0.277,-0.079,0.067,0.085
0.152,-0.02,0.751,1.0,-0.003,0.013,-0.011,0.226,-0.027,0.272,-0.104,0.103,-0.094
0.16,-0.021,0.76,1.0,-0.0,0.009,-0.009,0.235,-0.03,0.264,0.217,-0.138,0.088
0.16,-0.021,0.76,1.0,-0.0,0.009,-0.009,0.235,-0.03,0.264,0.217,-0.138,0.088
0.168,-0.022,0.769,1.0,-0.001,0.01,-0.009,0.245,-0.027,0.266,-0.012,-0.063,-0.066
0.184,-0.024,0.786,1.0,-0.002,0.012,-0.008,0.247,-0.03,0.265,0.019,0.061,0.02
0.184,-0.024,0.786,1.0,-0.002,0.012,-0.008,0.247,-0.03,0.265,0.019,0.061,0.02
0.193,-0.025,0.795,1.0,-0.004,0.012,-0.01,0.26,-0.027,0.263,-0.106,-0.002,-0.125
0.21,-0.027,0.812,1.0,-0.003,0.013,-0.009,0.26,-0.028,0.267,0.005,0.092,-0.035
0.21,-0.027,0.812,1.0,-0.003,0.013,-0.009,0.26,-0.028,0.267,0.005,0.092,-0.035
0.228,-0.028,0.828,1.0,-0.003,0.01,-0.009,0.276,-0.016,0.247,0.06,-0.154,-0.014
0.238,-0.029,0.837,1.0,-0.003,0.01,-0.008,0.282,-0.02,0.251,0.184,-0.056,0.07
0.238,-0.029,0.837,1.0,-0.003,0.01,-0.008,0.282,-0.02,0.251,0.184,-0.056,0.07
0.247,-0.03,0.845,1.0,-0.003,0.009,-0.007,0.276,-0.024,0.255,0.12,-0.042,0.086
0.266,-0.031,0.861,1.0,-0.005,0.009,-0.009,0.277,-0.01,0.241,0.01,-0.111,-0.081
0.266,-0.031,0.861,1.0,-0.005,0.009,-0.009,0.277,-0.01,0.241,0.01,-0.111,-0.081
0.276,-0.031,0.869,1.0,-0.006,0.012,-0.009,0.295,-0.003,0.24,-0.188,0.111,-0.12
0.296,-0.031,0.886,1.0,-0.005,0.011,-0.008,0.307,0.002,0.246,0.045,-0.081,-0.029
0.296,-0.031,0.886,1.0,-0.005,0.011,-0.008,0.307,0.002,0.246,0.045,-0.081,-0.029
0.306,-0.032,0.894,1.0,-0.005,0.012,-0.009,0.316,0.003,0.256,-0.013,-0.126,-0.022
0.326,-0.032,0.911,1.0,-0.005,0.014,-0.007,0.312,-0.002,0.255,-0.099,0.205,0.144
0.326,-0.032,0.911,1.0,-0.005,0.014,-0.007,0.312,-0.002,0.255,-0.099,0.205,0.144
0.337,-0.032,0.919,1.0,-0.0,0.012,-0.006,0.325,0.004,0.273,0.355,0.011,0.218
0.359,-0.031,0.935,1.0,-0.003,0.01,-0.009,0.332,0.013,0.245,-0.019,-0.163,-0.057
0.359,-0.031,0.935,1.0,-0.003,0.01,-0.009,0.332,0.013,0.245,-0.019,-0.163,-0.057
0.37,-0.031,0.944,1.0,-0.001,0.012,-0.007,0.329,0.017,0.264,0.092,0.136,0.09
0.392,-0.03,0.96,1.0,-0.003,0.012,-0.008,0.325,0.006,0.229,-0.105,0.11,0.091
0.392,-0.03,0.96,1.0,-0.003,0.012,-0.008,0.325,0.006,0.229,-0.105,0.11,0.091
0.403,-0.03,0.968,1.0,-0.002,0.013,-0.009,0.328,0.014,0.235,0.055,0.067,0.009
0.426,-0.029,0.984,1.0,0.0,0.012,-0.008,0.349,0.015,0.245,0.056,-0.072,0.056
0.426,-0.029,0.984,1.0,0.0,0.012,-0.008,0.349,0.015,0.245,0.056,-0.072,0.056
0.438,-0.028,0.992,1.0,-0.0,0.012,-0.008,0.355,0.019,0.237,-0.08,0.113,0.001
0.461,-0.027,1.008,1.0,0.002,0.011,-0.009,0.359,0.017,0.248,0.076,-0.081,0.018
0.461,-0.027,1.008,1.0,0.002,0.011,-0.009,0.359,0.017,0.248,0.076,-0.081,0.018
0.473,-0.027,1.015,1.0,0.003,0.012,-0.009,0.364,0.017,0.23,0.063,-0.028,-0.047
0.498,-0.026,1.031,1.0,0.002,0.011,-0.01,0.383,0.017,0.229,0.049,-0.163,-0.055
0.498,-0.026,1.031,1.0,0.002,0.011,-0.01,0.383,0.017,0.229,0.049,-0.163,-0.055
0.51,-0.026,1.039,1.0,0.003,0.013,-0.01,0.371,0.003,0.234,0.048,0.089,-0.127
0.535,-0.026,1.054,1.0,0.003,0.012,-0.009,0.376,0.003,0.239,0.033,-0.012,0.067
0.535,-0.026,1.054,1.0,0.003,0.012,-0.009,0.376,0.003,0.239,0.033,-0.012,0.067
0.548,-0.025,1.062,1.0,0.003,0.014,-0.009,0.375,0.006,0.233,0.093,0.108,0.025
0.574,-0.025,1.077,1.0,0.003,0.013,-0.01,0.399,0.008,0.23,0.038,0.012,-0.106
0.574,-0.025,1.077,1.0,0.003,0.013,-0.01,0.399,0.008,0.23,0.038,0.012,-0.106
0.587,-0.025,1.085,1.0,0.001,0.012,-0.008,0.39,-0.002,0.226,-0.131,-0.137,0.037
0.614,-0.026,1.1,1.0,0.001,0.01,-0.009,0.398,-0.004,0.223,0.005,-0.084,0.011
0.614,-0.026,1.1,1.0,0.001,0.01,-0.009,0.398,-0.004,0.223,0.005,-0.084,0.011
0.627,-0.026,1.107,1.0,0.001,0.011,-0.008,0.403,-0.003,0.231,-0.047,0.079,0.093
0.655,-0.026,1.122,1.0,0.001,0.009,-0.008,0.412,-0.006,0.216,0.183,-0.1,-0.051
0.655,-0.026,1.122,1.0,0.001,0.009,-0.008,0.412,-0.006,0.216,0.183,-0.1,-0.051
0.668,-0.026,1.13,1.0,-0.002,0.009,-0.008,0.409,-0.001,0.223,-0.097,-0.079,-0.039
0.696,-0.026,1.145,1.0,-0.005,0.011,-0.008,0.417,-0.002,0.223,-0.136,0.189,0.001
0.696,-0.026,1.145,1.0,-0.005,0.011,-0.008,0.417,-0.002,0.223,-0.136,0.189,0.001
0.71,-0.026,1.152,1.0,-0.005,0.009,-0.007,0.416,0.0,0.225,-0.068,0.135,0.028
0.738,-0.025,1.167,1.0,-0.005,0.003,-0.007,0.418,0.005,0.223,0.052,-0.231,0.046
0.738,-0.025,1.167,1.0,-0.005,0.003,-0.007,0.418,0.005,0.223,0.052,-0.231,0.046
0.752,-0.025,1.175,1.0,-0.006,0.004,-0.007,0.423,0.015,0.224,0.002,-0.05,0.008
0.779,-0.023,1.189,1.0,-0.009,0.002,-0.007,0.419,0.031,0.213,-0.113,-0.098,-0.085
0.779,-0.023,1.189,1.0,-0.009,0.002,-0.007,0.419,0.031,0.213,-0.113,-0.098,-0.085
0.793,-0.022,1.196,1.0,-0.011,0.003,-0.007,0.415,0.03,0.219,-0.218,0.155,0.005
0.82,-0.019,1.211,1.0,-0.012,-0.001,-0.006,0.401,0.043,0.204,-0.148,-0.173,0.083
0.82,-0.019,1.211,1.0,-0.012,-0.001,-0.006,0.401,0.043,0.204,-0.148,-0.173,0.083
0.859,-0.013,1.232,1.0,-0.013,-0.002,-0.006,0.388,0.066,0.212,-0.042,-0.024,0.052
0.859,-0.013,1.232,1.0,-0.013,-0.002,-0.006,0.388,0.066,0.212,-0.042,-0.024,0.052
0.873,-0.011,1.24,1.0,-0.013,-0.0,-0.007,0.382,0.072,0.217,-0.051,0.251,-0.071
0.897,-0.005,1.253,1.0,-0.014,-0.004,-0.005,0.372,0.088,0.217,-0.056,-0.004,0.075
0.897,-0.005,1.253,1.0,-0.014,-0.004,-0.005,0.372,0.088,0.217,-0.056,-0.004,0.075
0.933,0.005,1.272,1.0,-0.017,-0.007,-0.006,0.353,0.114,0.178,-0.136,-0.021,0.01
0.933,0.005,1.272,1.0,-0.017,-0.007,-0.006,0.353,0.114,0.178,-0.136,-0.021,0.01
0.966,0.018,1.289,1.0,-0.019,-0.01,-0.006,0.328,0.14,0.158,-0.079,-0.073,-0.053
0.966,0.018,1.289,1.0,-0.019,-0.01,-0.006,0.328,0.14,0.158,-0.079,-0.073,-0.053
0.996,0.034,1.304,1.0,-0.021,-0.013,-0.005,0.288,0.175,0.138,-0.065,-0.027,0.023
1.002,0.038,1.307,1.0,-0.02,-0.014,-0.005,0.285,0.177,0.148,0.02,0.03,0.028
1.014,0.047,1.313,1.0,-0.019,-0.014,-0.007,0.274,0.199,0.151,0.17,0.051,-0.074
1.022,0.054,1.317,1.0,-0.023,-0.016,-0.005,0.259,0.202,0.128,-0.202,-0.063,0.081
1.022,0.054,1.317,1.0,-0.023,-0.016,-0.005,0.259,0.202,0.128,-0.202,-0.063,0.081
1.031,0.062,1.322,1.0,-0.021,-0.017,-0.007,0.237,0.219,0.115,0.058,-0.147,-0.136
1.045,0.077,1.328,1.0,-0.024,-0.018,-0.005,0.222,0.241,0.09,-0.373,-0.071,0.03
1.045,0.077,1.328,1.0,-0.024,-0.018,-0.005,0.222,0.241,0.09,-0.373,-0.071,0.03
1.058,0.094,1.334,1.0,-0.02,-0.018,-0.006,0.189,0.259,0.088,0.073,0.008,-0.02
1.064,0.103,1.337,1.0,-0.02,-0.018,-0.007,0.181,0.283,0.091,-0.081,0.023,-0.101
1.064,0.103,1.337,1.0,-0.02,-0.018,-0.007,0.181,0.283,0.091,-0.081,0.023,-0.101
1.079,0.132,1.345,1.0,-0.019,-0.019,-0.005,0.138,0.296,0.078,0.083,-0.075,0.027
1.079,0.132,1.345,1.0,-0.019,-0.019,-0.005,0.138,0.296,0.078,0.083,-0.075,0.027
1.09,0.164,1.352,1.0,-0.021,-0.018,-0.005,0.105,0.329,0.068,-0.218,0.01,0.065
1.09,0.164,1.352,1.0,-0.021,-0.018,-0.005,0.105,0.329,0.068,-0.218,0.01,0.065
1.095,0.187,1.356,1.0,-0.02,-0.02,-0.006,0.074,0.339,0.062,0.04,-0.005,-0.079
1.1,0.223,1.361,1.0,-0.019,-0.021,-0.004,0.024,0.371,0.044,-0.061,-0.033,0.137
1.101,0.245,1.364,1.0,-0.017,-0.02,-0.005,0.014,0.389,0.055,0.109,0.085,0.056
1.101,0.248,1.365,1.0,-0.018,-0.022,-0.006,0.005,0.38,0.043,-0.001,-0.038,-0.008
1.1,0.275,1.368,1.0,-0.013,-0.022,-0.005,-0.018,0.403,0.044,0.429,-0.056,-0.037
1.099,0.278,1.368,1.0,-0.018,-0.022,-0.005,-0.027,0.4,0.032,-0.046,-0.069,-0.04
1.097,0.302,1.37,1.0,-0.018,-0.023,-0.007,-0.045,0.415,0.033,-0.105,-0.229,-0.117
1.095,0.314,1.371,1.0,-0.02,-0.02,-0.003,-0.061,0.417,0.041,-0.163,0.204,0.173
1.084,0.367,1.376,1.0,-0.013,-0.02,-0.006,-0.112,0.432,0.019,0.218,-0.095,-0.034
1.08,0.382,1.378,1.0,-0.014,-0.019,-0.004,-0.119,0.44,0.036,0.038,-0.024,0.115
1.077,0.391,1.378,1.0,-0.014,-0.019,-0.005,-0.122,0.441,0.04,0.105,0.047,0.046
1.074,0.4,1.379,1.0,-0.014,-0.022,-0.005,-0.138,0.44,0.036,-0.137,-0.291,0.036
1.064,0.431,1.382,1.0,-0.011,-0.019,-0.004,-0.151,0.439,0.039,0.146,-0.045,0.075
1.064,0.431,1.382,1.0,-0.011,-0.019,-0.004,-0.151,0.439,0.039,0.146,-0.045,0.075
1.032,0.507,1.388,1.0,-0.012,-0.015,-0.006,-0.214,0.453,0.037,-0.225,0.231,0.082
1.026,0.52,1.389,1.0,-0.009,-0.017,-0.006,-0.216,0.45,0.029,0.131,-0.111,0.016
1.017,0.536,1.39,1.0,-0.011,-0.017,-0.007,-0.226,0.444,0.046,-0.168,0.037,-0.034
1.002,0.564,1.392,1.0,-0.01,-0.019,-0.005,-0.238,0.439,0.02,0.006,-0.135,0.055
0.997,0.573,1.393,1.0,-0.008,-0.016,-0.007,-0.255,0.435,0.031,0.034,0.205,-0.084
0.953,0.642,1.396,1.0,-0.005,-0.017,-0.006,-0.292,0.433,0.015,-0.102,0.027,0.09
0.943,0.656,1.397,1.0,-0.001,-0.016,-0.007,-0.307,0.422,0.019,0.205,0.005,0.014
0.933,0.67,1.397,1.0,-0.003,-0.016,-0.007,-0.311,0.411,0.018,-0.093,0.092,0.057
0.92,0.686,1.398,1.0,-0.001,-0.015,-0.007,-0.31,0.406,0.018,0.053,0.066,-0.035
0.906,0.703,1.399,1.0,-0.001,-0.015,-0.008,-0.325,0.4,0.017,0.069,0.008,-0.014
0.865,0.749,1.399,1.0,-0.001,-0.014,-0.008,-0.361,0.382,0.004,0.077,0.129,-0.055
0.853,0.761,1.4,1.0,0.0,-0.015,-0.007,-0.363,0.365,0.007,0.142,-0.08,0.023
0.848,0.765,1.399,1.0,0.001,-0.015,-0.007,-0.356,0.355,-0.005,0.199,-0.06,0.033
0.813,0.799,1.399,1.0,-0.001,-0.015,-0.006,-0.382,0.349,-0.001,0.032,-0.132,0.077
0.811,0.801,1.399,1.0,0.001,-0.012,-0.008,-0.384,0.345,-0.009,0.222,0.151,-0.079
0.798,0.812,1.399,1.0,-0.001,-0.013,-0.006,-0.39,0.342,-0.007,0.097,-0.007,0.054
0.775,0.831,1.399,1.0,-0.003,-0.01,-0.008,-0.398,0.335,0.001,-0.061,0.223,-0.163
0.765,0.839,1.398,1.0,-0.004,-0.012,-0.006,-0.404,0.331,-0.013,-0.096,-0.063,0.083
0.698,0.891,1.398,1.0,-0.004,-0.012,-0.007,-0.426,0.302,-0.012,-0.076,-0.032,-0.023
0.646,0.926,1.398,1.0,-0.002,-0.011,-0.007,-0.436,0.287,0.014,-0.052,0.044,0.034
0.592,0.959,1.4,1.0,-0.001,-0.007,-0.007,-0.453,0.266,0.007,-0.175,0.21,0.018
0.539,0.989,1.402,1.0,0.004,-0.007,-0.008,-0.46,0.244,0.015,0.049,0.043,-0.049
0.524,0.996,1.403,1.0,0.004,-0.006,-0.006,-0.457,0.237,0.028,-0.016,0.148,0.104
0.495,1.01,1.404,1.0,0.005,-0.007,-0.007,-0.455,0.21,0.008,0.03,-0.041,0.024
0.493,1.011,1.404,1.0,0.006,-0.006,-0.007,-0.465,0.221,0.023,0.094,0.144,-0.022
0.464,1.023,1.405,1.0,0.005,-0.004,-0.008,-0.464,0.2,0.029,0.032,0.262,-0.102
0.449,1.03,1.406,1.0,0.005,-0.005,-0.007,-0.469,0.193,0.017,0.067,-0.141,0.032
0.449,1.03,1.406,1.0,0.005,-0.005,-0.007,-0.469,0.193,0.017,0.067,-0.141,0.032
0.432,1.037,1.406,1.0,0.003,-0.007,-0.007,-0.444,0.174,0.013,-0.096,-0.103,0.022
0.411,1.045,1.407,1.0,0.003,-0.004,-0.008,-0.466,0.177,0.015,-0.005,0.223,-0.012
0.335,1.069,1.407,1.0,0.0,-0.004,-0.007,-0.454,0.134,-0.011,-0.165,-0.156,0.059
0.32,1.074,1.407,1.0,0.002,-0.004,-0.009,-0.446,0.125,-0.008,0.045,-0.073,-0.13
0.307,1.077,1.407,1.0,0.001,-0.002,-0.008,-0.452,0.13,0.003,-0.034,0.142,-0.068
0.281,1.084,1.406,1.0,0.001,-0.002,-0.007,-0.442,0.116,-0.014,-0.054,0.032,0.032
0.265,1.089,1.405,1.0,0.001,-0.001,-0.008,-0.45,0.111,-0.013,-0.112,0.044,0.039
0.239,1.095,1.405,1.0,0.003,-0.001,-0.008,-0.434,0.102,-0.004,0.145,0.04,-0.057
0.227,1.098,1.404,1.0,0.002,-0.003,-0.008,-0.439,0.102,-0.011,0.031,-0.176,-0.104
0.196,1.104,1.404,1.0,0.002,-0.003,-0.006,-0.435,0.091,-0.002,-0.014,-0.003,0.148
0.184,1.106,1.404,1.0,0.002,-0.0,-0.008,-0.425,0.077,-0.001,-0.034,0.192,-0.006
0.156,1.111,1.404,1.0,0.002,-0.002,-0.008,-0.424,0.076,0.003,-0.048,0.111,0.03
0.147,1.113,1.405,1.0,0.002,-0.003,-0.008,-0.419,0.064,0.009,0.006,-0.011,-0.067
0.078,1.122,1.408,1.0,0.003,-0.008,-0.008,-0.413,0.049,0.02,-0.022,-0.15,-0.014
0.064,1.123,1.409,1.0,0.003,-0.007,-0.008,-0.421,0.046,0.033,0.123,0.033,0.006
0.014,1.126,1.412,1.0,0.002,-0.009,-0.008,-0.413,0.022,0.018,-0.044,-0.016,-0.017
-0.035,1.127,1.414,1.0,0.001,-0.008,-0.008,-0.428,0.009,0.019,-0.037,-0.066,-0.043
-0.083,1.127,1.416,1.0,0.003,-0.007,-0.008,-0.415,-0.006,0.016,0.108,0.052,-0.032
-0.129,1.125,1.417,1.0,0.002,-0.004,-0.009,-0.417,-0.019,0.006,-0.021,0.117,-0.111
-0.146,1.124,1.417,1.0,0.001,-0.002,-0.007,-0.417,-0.021,0.016,-0.047,0.229,0.054
-0.183,1.122,1.417,1.0,0.001,-0.004,-0.007,-0.417,-0.034,-0.005,-0.015,0.049,0.047
-0.2,1.12,1.417,1.0,0.002,-0.006,-0.008,-0.418,-0.03,-0.01,0.013,-0.129,0.014
-0.209,1.12,1.417,1.0,0.001,-0.002,-0.007,-0.418,-0.034,0.004,-0.028,0.14,0.025
-0.231,1.118,1.416,1.0,0.001,-0.005,-0.007,-0.409,-0.038,-0.016,-0.025,-0.042,0.082
-0.297,1.111,1.415,1.0,0.002,-0.002,-0.008,-0.411,-0.045,-0.015,-0.006,0.079,-0.012
-0.344,1.105,1.414,1.0,0.002,-0.003,-0.008,-0.387,-0.049,-0.005,-0.043,-0.084,-0.064
-0.358,1.103,1.413,1.0,0.003,0.0,-0.007,-0.388,-0.061,-0.005,0.064,0.196,-0.035
-0.383,1.099,1.414,1.0,0.004,-0.001,-0.007,-0.389,-0.061,0.007,0.069,0.049,0.035
-0.396,1.098,1.413,1.0,0.003,-0.0,-0.007,-0.396,-0.049,-0.001,-0.057,0.082,-0.031
-0.399,1.097,1.413,1.0,0.004,-0.001,-0.006,-0.394,-0.065,0.006,0.091,0.056,0.07
-0.415,1.094,1.413,1.0,0.003,-0.002,-0.007,-0.392,-0.06,-0.007,-0.095,-0.093,0.024
-0.437,1.091,1.414,1.0,0.005,-0.002,-0.007,-0.379,-0.071,-0.0,0.077,-0.051,0.026
-0.498,1.079,1.414,1.0,0.006,-0.002,-0.007,-0.364,-0.078,-0.002,-0.063,-0.078,0.013
-0.513,1.075,1.414,1.0,0.007,-0.002,-0.007,-0.353,-0.08,0.007,0.029,-0.112,-0.03
-0.521,1.074,1.414,1.0,0.008,-0.001,-0.007,-0.358,-0.09,-0.002,0.155,-0.076,-0.061
-0.541,1.069,1.414,1.0,0.008,-0.001,-0.007,-0.347,-0.085,-0.013,0.125,-0.068,-0.009
-0.59,1.055,1.413,1.0,0.007,0.0,-0.007,-0.336,-0.099,-0.014,0.019,-0.107,0.009
-0.631,1.041,1.413,1.0,0.007,0.001,-0.005,-0.327,-0.119,-0.012,0.044,-0.089,0.169
-0.667,1.027,1.413,1.0,0.007,0.003,-0.005,-0.307,-0.125,0.002,0.005,0.02,0.093
-0.701,1.012,1.414,1.0,0.008,0.004,-0.006,-0.285,-0.13,0.008,0.036,0.113,-0.075
-0.734,0.996,1.415,1.0,0.007,0.002,-0.006,-0.266,-0.143,0.007,-0.057,-0.104,0.016
-0.763,0.979,1.417,1.0,0.008,0.0,-0.006,-0.253,-0.145,0.014,0.044,-0.07,-0.095
-0.791,0.96,1.419,1.0,0.01,-0.0,-0.003,-0.244,-0.168,0.011,0.106,-0.091,0.174
-0.818,0.941,1.419,1.0,0.008,0.001,-0.005,-0.218,-0.164,0.006,0.007,0.02,-0.031
-0.845,0.919,1.419,1.0,0.006,0.0,-0.005,-0.209,-0.185,-0.005,-0.066,0.039,0.007
-0.854,0.912,1.419,1.0,0.007,-0.0,-0.005,-0.211,-0.183,-0.009,-0.003,0.013,0.062
-0.854,0.911,1.419,1.0,0.007,-0.0,-0.005,-0.216,-0.186,-0.013,-0.043,-0.02,0.056
-0.863,0.903,1.418,1.0,0.006,0.0,-0.005,-0.207,-0.186,-0.013,-0.025,0.068,0.026
-0.894,0.872,1.416,1.0,0.009,-0.001,-0.005,-0.191,-0.203,-0.004,0.094,0.089,0.048
-0.917,0.848,1.415,1.0,0.009,-0.004,-0.006,-0.188,-0.214,-0.014,0.049,-0.179,-0.065
-0.923,0.84,1.415,1.0,0.007,-0.004,-0.005,-0.19,-0.218,-0.01,-0.045,-0.047,0.061
-0.93,0.833,1.415,1.0,0.008,-0.003,-0.007,-0.193,-0.215,-0.004,-0.039,-0.026,-0.051
-0.934,0.828,1.415,1.0,0.009,-0.005,-0.006,-0.195,-0.223,-0.005,0.074,-0.164,0.05
-0.946,0.813,1.415,1.0,0.008,-0.002,-0.007,-0.186,-0.225,0.003,0.052,0.054,-0.033
-0.979,0.773,1.415,1.0,0.008,-0.001,-0.007,-0.184,-0.243,0.007,-0.007,0.145,0.054
-0.999,0.745,1.416,1.0,0.009,-0.001,-0.008,-0.177,-0.254,0.011,0.011,0.159,-0.021
-1.005,0.736,1.417,1.0,0.01,-0.001,-0.008,-0.178,-0.249,0.014,0.074,0.149,-0.062
-1.015,0.722,1.417,1.0,0.008,-0.004,-0.007,-0.184,-0.264,0.013,-0.033,-0.135,0.023
-1.021,0.714,1.417,1.0,0.01,-0.006,-0.008,-0.183,-0.265,-0.001,0.121,-0.334,-0.078
-1.044,0.679,1.418,1.0,0.007,-0.001,-0.008,-0.175,-0.268,-0.001,-0.088,0.085,-0.081
-1.065,0.646,1.417,1.0,0.009,-0.0,-0.007,-0.176,-0.278,-0.011,0.162,-0.091,-0.03
-1.071,0.636,1.417,1.0,0.008,0.002,-0.007,-0.172,-0.29,-0.008,0.041,0.051,0.003
-1.076,0.627,1.416,1.0,0.007,0.003,-0.006,-0.158,-0.288,-0.014,-0.098,0.186,0.052
-1.086,0.609,1.416,1.0,0.006,0.001,-0.007,-0.159,-0.3,-0.01,-0.125,-0.054,-0.016
-1.091,0.599,1.415,1.0,0.005,0.001,-0.007,-0.157,-0.299,-0.011,-0.124,-0.048,0.058
-1.1,0.582,1.415,1.0,0.006,0.003,-0.007,-0.142,-0.291,-0.008,0.029,0.075,-0.001
-1.105,0.572,1.415,1.0,0.006,0.002,-0.008,-0.152,-0.299,-0.008,-0.017,-0.05,-0.058
-1.105,0.572,1.415,1.0,0.006,0.002,-0.008,-0.152,-0.299,-0.008,-0.017,-0.05,-0.058
-1.119,0.542,1.416,1.0,0.007,0.003,-0.007,-0.134,-0.3,0.009,-0.046,0.188,-0.009
-1.119,0.542,1.416,1.0,0.007,0.003,-0.007,-0.134,-0.3,0.009,-0.046,0.188,-0.009
-1.128,0.522,1.416,1.0,0.009,0.002,-0.007,-0.137,-0.302,0.008,-0.006,0.012,-0.003
-1.128,0.522,1.416,1.0,0.009,0.002,-0.007,-0.137,-0.302,0.008,-0.006,0.012,-0.003
-1.142,0.488,1.417,1.0,0.013,-0.002,-0.006,-0.134,-0.31,0.011,0.212,-0.046,0.065
-1.146,0.478,1.417,1.0,0.014,-0.003,-0.006,-0.12,-0.325,0.016,0.198,-0.088,0.061
-1.153,0.458,1.418,1.0,0.015,-0.0,-0.007,-0.127,-0.338,0.002,0.128,0.179,0.054
-1.158,0.447,1.418,1.0,0.013,0.0,-0.006,-0.131,-0.337,0.01,0.023,0.219,0.107
-1.158,0.446,1.418,1.0,0.013,-0.0,-0.006,-0.134,-0.337,-0.0,0.021,0.103,0.073
-1.166,0.425,1.418,1.0,0.012,-0.0,-0.007,-0.127,-0.358,0.012,-0.098,0.161,-0.047
-1.17,0.413,1.418,1.0,0.013,0.0,-0.006,-0.122,-0.358,0.013,0.135,0.174,0.107
-1.17,0.412,1.418,1.0,0.013,-0.001,-0.006,-0.123,-0.352,0.003,0.047,-0.011,0.039
-1.178,0.389,1.418,1.0,0.013,-0.005,-0.007,-0.129,-0.358,-0.004,0.083,-0.356,-0.025
-1.182,0.379,1.418,1.0,0.013,-0.001,-0.007,-0.12,-0.361,0.005,0.073,0.105,0.077
-1.198,0.326,1.418,1.0,0.014,0.006,-0.006,-0.117,-0.393,0.002,0.066,0.154,0.075
-1.201,0.314,1.418,1.0,0.013,0.004,-0.008,-0.097,-0.376,-0.0,-0.049,-0.12,-0.084
-1.204,0.302,1.419,1.0,0.014,0.007,-0.006,-0.106,-0.387,0.017,0.051,0.288,0.124
-1.211,0.276,1.419,1.0,0.015,0.005,-0.006,-0.094,-0.397,0.011,0.105,-0.091,-0.012
-1.213,0.264,1.42,1.0,0.013,0.008,-0.006,-0.08,-0.395,0.018,-0.006,0.153,0.022
-1.223,0.21,1.421,1.0,0.013,0.008,-0.006,-0.07,-0.423,0.01,0.061,0.043,0.068
-1.226,0.182,1.422,1.0,0.013,0.007,-0.007,-0.048,-0.418,0.005,0.05,-0.155,-0.091
-1.228,0.167,1.422,1.0,0.013,0.008,-0.006,-0.049,-0.43,0.01,0.017,-0.085,0.022
-1.231,0.137,1.422,1.0,0.012,0.01,-0.007,-0.032,-0.435,0.01,-0.003,0.189,-0.14
-1.231,0.137,1.422,1.0,0.012,0.01,-0.007,-0.032,-0.435,0.01,-0.003,0.189,-0.14
-1.233,0.027,1.421,1.0,0.009,0.008,-0.005,0.009,-0.456,-0.009,-0.113,0.082,0.083
-1.231,-0.024,1.42,1.0,0.009,0.005,-0.006,0.024,-0.46,-0.013,-0.077,-0.013,-0.022
-1.227,-0.083,1.419,1.0,0.009,0.003,-0.007,0.04,-0.455,-0.005,-0.04,-0.031,-0.143
-1.22,-0.145,1.419,1.0,0.007,0.005,-0.007,0.055,-0.462,-0.001,-0.04,0.044,-0.101
-1.218,-0.164,1.419,1.0,0.007,0.003,-0.006,0.059,-0.469,-0.0,0.047,-0.014,-0.006
-1.215,-0.183,1.419,1.0,0.005,0.005,-0.005,0.057,-0.452,0.004,-0.116,0.114,0.043
-1.212,-0.206,1.419,1.0,0.005,0.004,-0.006,0.071,-0.459,0.004,-0.069,0.013,-0.023
-1.21,-0.219,1.419,1.0,0.005,0.003,-0.005,0.073,-0.464,0.002,0.014,-0.105,0.069
-1.197,-0.292,1.419,1.0,0.003,0.002,-0.005,0.082,-0.446,-0.006,0.105,-0.204,-0.013
-1.194,-0.308,1.42,1.0,0.001,0.005,-0.006,0.093,-0.437,0.014,-0.101,0.063,-0.056
-1.191,-0.321,1.42,1.0,0.0,0.007,-0.005,0.098,-0.439,0.011,-0.066,0.243,0.023
-1.188,-0.333,1.42,1.0,-0.0,0.006,-0.005,0.104,-0.428,0.01,-0.06,0.131,0.007
-1.185,-0.346,1.42,1.0,-0.001,0.007,-0.006,0.108,-0.435,0.008,-0.057,0.128,-0.082
-1.166,-0.411,1.422,1.0,-0.0,0.004,-0.003,0.132,-0.403,0.012,-0.006,0.002,0.111
-1.15,-0.459,1.422,1.0,0.0,0.003,-0.005,0.134,-0.391,0.004,0.019,-0.001,-0.057
-1.133,-0.504,1.422,1.0,0.0,0.002,-0.007,0.152,-0.384,-0.009,-0.078,-0.039,-0.141
-1.115,-0.548,1.421,1.0,0.001,0.001,-0.006,0.161,-0.379,-0.019,0.027,-0.209,0.003
-1.097,-0.587,1.42,1.0,-0.0,0.006,-0.006,0.166,-0.356,-0.009,-0.105,0.214,0.002
-1.092,-0.599,1.42,1.0,0.001,0.004,-0.005,0.167,-0.366,-0.009,0.065,0.069,0.16
-1.08,-0.622,1.42,1.0,0.001,0.004,-0.006,0.177,-0.359,0.002,0.114,-0.113,0.012
-1.057,-0.666,1.421,1.0,-0.003,0.007,-0.007,0.186,-0.326,0.018,-0.094,0.239,-0.033
-1.032,-0.708,1.423,1.0,-0.004,0.005,-0.007,0.196,-0.322,0.028,-0.05,0.154,-0.061
-1.007,-0.748,1.425,1.0,-0.006,0.003,-0.008,0.189,-0.307,0.014,-0.106,-0.038,-0.123
-0.984,-0.782,1.426,1.0,-0.003,-0.003,-0.004,0.195,-0.292,0.006,0.191,-0.371,0.152
-0.961,-0.815,1.428,1.0,-0.004,0.001,-0.005,0.187,-0.266,0.006,-0.021,0.045,0.107
-0.939,-0.845,1.427,1.0,-0.004,0.002,-0.005,0.182,-0.244,-0.007,0.035,-0.149,0.035
-0.917,-0.872,1.426,1.0,-0.004,0.003,-0.004,0.187,-0.229,-0.003,0.053,-0.03,0.016
-0.895,-0.897,1.424,1.0,-0.004,0.007,-0.003,0.194,-0.222,-0.016,0.08,0.001,0.091
-0.87,-0.921,1.422,1.0,-0.004,0.005,-0.005,0.204,-0.185,-0.028,0.008,-0.232,-0.101
-0.843,-0.942,1.419,1.0,-0.003,0.006,-0.004,0.232,-0.178,-0.027,0.152,-0.083,0.103
-0.816,-0.962,1.416,1.0,-0.003,0.008,-0.006,0.225,-0.156,-0.02,0.021,0.209,-0.11
-0.808,-0.967,1.415,1.0,-0.003,0.007,-0.004,0.226,-0.151,-0.008,-0.025,0.042,0.07
-0.801,-0.971,1.414,1.0,-0.003,0.004,-0.006,0.24,-0.146,-0.02,0.04,-0.267,-0.062
-0.793,-0.976,1.414,1.0,-0.002,0.007,-0.005,0.242,-0.143,-0.014,0.047,0.086,-0.031
-0.785,-0.98,1.414,1.0,-0.002,0.005,-0.006,0.238,-0.134,-0.018,-0.016,-0.036,-0.053
-0.775,-0.986,1.414,1.0,-0.002,0.006,-0.006,0.237,-0.134,0.002,-0.025,0.097,-0.049
-0.762,-0.993,1.413,1.0,-0.001,0.004,-0.006,0.247,-0.126,0.001,-0.014,-0.075,-0.042
-0.757,-0.996,1.413,1.0,-0.0,0.004,-0.007,0.248,-0.131,0.001,0.038,0.032,-0.163
-0.741,-1.004,1.413,1.0,0.0,0.005,-0.005,0.245,-0.129,-0.001,-0.002,0.198,0.047
-0.736,-1.007,1.413,1.0,0.0,0.004,-0.005,0.234,-0.128,0.003,-0.066,0.074,-0.005
-0.698,-1.027,1.414,1.0,0.006,0.003,-0.006,0.245,-0.133,0.002,0.202,0.008,-0.026
-0.685,-1.034,1.414,1.0,0.005,0.003,-0.005,0.247,-0.13,0.007,0.077,-0.008,0.047
-0.674,-1.04,1.415,1.0,0.005,0.003,-0.006,0.244,-0.136,0.02,-0.066,0.002,0.001
-0.657,-1.05,1.416,1.0,0.004,0.003,-0.006,0.247,-0.14,0.013,-0.009,0.033,-0.0
-0.657,-1.05,1.416,1.0,0.004,0.003,-0.006,0.247,-0.14,0.013,-0.009,0.033,-0.0
-0.648,-1.055,1.416,1.0,0.005,0.005,-0.005,0.247,-0.14,0.014,0.139,0.095,0.047
-0.635,-1.062,1.417,1.0,0.003,0.007,-0.006,0.247,-0.143,0.03,-0.021,0.282,0.031
-0.619,-1.071,1.418,1.0,0.004,0.004,-0.006,0.242,-0.144,0.009,0.058,-0.066,0.047
-0.615,-1.074,1.418,1.0,0.003,0.005,-0.006,0.244,-0.146,0.007,-0.021,-0.095,0.029
-0.608,-1.078,1.418,1.0,0.002,0.007,-0.007,0.253,-0.143,0.015,-0.085,0.016,0.011
-0.591,-1.087,1.418,1.0,0.002,0.009,-0.005,0.248,-0.141,0.008,-0.086,0.263,0.067
-0.584,-1.091,1.418,1.0,0.002,0.01,-0.006,0.26,-0.138,0.007,-0.049,0.34,0.034
-0.551,-1.109,1.418,1.0,0.003,0.011,-0.006,0.271,-0.14,-0.002,0.002,0.315,0.062
-0.542,-1.114,1.418,1.0,0.003,0.007,-0.006,0.282,-0.157,-0.011,-0.014,-0.018,0.049
-0.535,-1.117,1.418,1.0,0.003,0.008,-0.007,0.275,-0.143,-0.015,0.019,0.026,-0.009
-0.529,-1.12,1.418,1.0,0.004,0.009,-0.007,0.28,-0.15,0.006,0.018,0.074,-0.072
-0.516,-1.128,1.418,1.0,0.004,0.006,-0.007,0.269,-0.152,-0.009,0.084,-0.13,-0.075
-0.504,-1.134,1.418,1.0,0.003,0.006,-0.007,0.275,-0.149,0.0,-0.073,-0.206,-0.083
-0.456,-1.159,1.417,1.0,-0.002,0.018,-0.007,0.303,-0.15,0.008,-0.152,0.505,-0.129
-0.418,-1.176,1.417,1.0,-0.004,0.018,-0.006,0.336,-0.152,-0.001,-0.163,0.199,0.005
-0.406,-1.181,1.416,1.0,-0.003,0.016,-0.005,0.342,-0.147,-0.011,-0.041,-0.021,0.048
-0.383,-1.19,1.416,1.0,-0.003,0.017,-0.005,0.366,-0.146,-0.015,-0.067,0.106,0.137
-0.375,-1.193,1.416,1.0,-0.002,0.016,-0.006,0.359,-0.142,0.004,0.061,0.043,0.033
-0.312,-1.214,1.416,1.0,-0.006,0.013,-0.007,0.383,-0.119,-0.007,-0.145,0.079,-0.012
-0.266,-1.228,1.416,1.0,-0.006,0.014,-0.008,0.404,-0.113,0.001,-0.079,0.486,-0.232
-0.212,-1.241,1.416,1.0,-0.006,0.005,-0.008,0.418,-0.097,0.007,0.022,-0.368,-0.031
-0.164,-1.252,1.415,1.0,-0.006,0.003,-0.008,0.413,-0.09,-0.001,0.031,0.131,-0.105
-0.119,-1.261,1.414,1.0,-0.007,0.0,-0.007,0.41,-0.074,-0.002,0.011,-0.149,0.03
-0.068,-1.269,1.413,1.0,-0.007,0.004,-0.008,0.393,-0.058,-0.007,0.033,0.041,-0.02
-0.021,-1.275,1.411,1.0,-0.009,0.006,-0.009,0.409,-0.057,-0.015,-0.066,0.233,-0.06
-0.007,-1.276,1.41,1.0,-0.008,0.004,-0.008,0.396,-0.042,-0.016,0.087,0.258,-0.027
0.012,-1.278,1.409,1.0,-0.011,-0.0,-0.008,0.379,-0.037,-0.02,-0.216,-0.232,-0.026
0.027,-1.279,1.409,1.0,-0.011,0.003,-0.008,0.392,-0.033,-0.023,-0.193,0.204,-0.092
0.089,-1.282,1.406,1.0,-0.008,0.002,-0.006,0.359,-0.017,-0.018,0.063,0.174,0.171
0.13,-1.282,1.404,1.0,-0.007,-0.003,-0.006,0.359,-0.009,-0.024,-0.06,0.104,0.181
0.167,-1.281,1.403,1.0,-0.005,-0.005,-0.006,0.306,-0.007,-0.01,0.091,-0.002,0.111
0.179,-1.28,1.403,1.0,-0.005,-0.004,-0.006,0.327,0.003,-0.009,0.022,0.126,0.11
0.189,-1.28,1.403,1.0,-0.005,-0.002,-0.007,0.322,0.009,0.006,0.026,0.274,0.011
0.203,-1.279,1.403,1.0,-0.005,-0.001,-0.009,0.305,0.026,0.007,0.171,0.233,-0.084
0.241,-1.275,1.402,1.0,-0.011,-0.001,-0.007,0.28,0.023,0.001,-0.082,0.409,0.061
0.272,-1.271,1.402,1.0,-0.012,-0.002,-0.007,0.269,0.033,0.0,-0.022,0.282,0.039
0.302,-1.263,1.402,1.0,-0.018,-0.002,-0.007,0.246,0.074,0.004,-0.391,0.211,0.071
0.31,-1.26,1.403,1.0,-0.013,-0.003,-0.011,0.236,0.086,0.003,0.089,0.092,-0.376
0.323,-1.254,1.404,1.0,-0.013,-0.003,-0.003,0.208,0.083,0.017,0.026,0.134,0.305
0.331,-1.25,1.404,1.0,-0.014,-0.005,-0.006,0.215,0.109,0.001,-0.12,-0.13,0.174
0.366,-1.228,1.406,1.0,-0.009,0.001,-0.01,0.19,0.15,0.021,0.146,0.132,-0.2
0.371,-1.223,1.407,1.0,-0.009,0.0,-0.007,0.173,0.138,0.007,0.062,-0.26,0.026
0.381,-1.216,1.407,1.0,-0.007,0.005,-0.01,0.189,0.147,0.015,0.143,0.071,-0.162
0.387,-1.211,1.408,1.0,-0.009,0.007,-0.012,0.178,0.153,0.003,-0.059,0.156,-0.33
0.411,-1.19,1.409,1.0,-0.01,0.008,-0.013,0.21,0.183,-0.002,-0.174,-0.313,-0.481
0.426,-1.178,1.409,1.0,-0.009,0.012,-0.007,0.214,0.178,0.009,-0.074,0.069,0.015
0.433,-1.172,1.41,1.0,-0.005,0.014,-0.009,0.224,0.186,0.015,0.229,-0.002,-0.068
0.449,-1.16,1.409,1.0,-0.005,0.017,-0.008,0.235,0.182,-0.004,0.026,0.014,0.004
0.451,-1.158,1.41,1.0,-0.007,0.015,-0.009,0.243,0.194,0.004,-0.169,-0.198,-0.195
0.464,-1.148,1.41,1.0,-0.007,0.017,-0.006,0.241,0.18,-0.005,-0.099,0.045,0.268
0.472,-1.143,1.409,1.0,0.005,-0.004,0.002,0.241,0.151,-0.032,0.856,-1.74,0.764
0.507,-1.118,1.41,1.0,-0.008,0.018,-0.009,0.279,0.185,-0.012,-0.158,-0.084,-0.175
0.545,-1.094,1.412,0.999,-0.014,0.032,-0.007,0.33,0.202,0.027,0.066,-0.134,0.063
0.588,-1.068,1.416,0.999,-0.017,0.033,-0.007,0.384,0.232,0.036,-0.035,-0.084,0.102
0.644,-1.037,1.42,0.999,-0.018,0.032,-0.005,0.457,0.263,0.021,-0.263,0.113,0.163
0.699,-1.005,1.421,1.0,-0.011,0.02,-0.007,0.482,0.277,0.006,0.111,-0.189,-0.006
0.763,-0.97,1.419,1.0,-0.005,0.007,-0.006,0.513,0.282,-0.014,0.124,-0.299,0.041
0.823,-0.937,1.415,1.0,-0.002,-0.002,-0.008,0.497,0.294,-0.035,0.057,-0.135,-0.228
0.878,-0.906,1.41,1.0,-0.001,-0.012,-0.005,0.465,0.261,-0.042,-0.086,-0.383,0.071
0.893,-0.897,1.408,1.0,0.0,-0.013,-0.006,0.452,0.263,-0.037,-0.063,-0.169,0.086
0.908,-0.889,1.407,1.0,-0.0,-0.016,-0.006,0.437,0.252,-0.042,-0.084,-0.355,0.063
0.934,-0.873,1.406,1.0,0.003,-0.013,-0.006,0.412,0.242,-0.009,0.126,0.221,0.053
1.001,-0.831,1.408,1.0,0.001,-0.015,-0.007,0.34,0.218,0.036,-0.117,0.166,0.013
1.037,-0.806,1.414,1.0,-0.0,-0.016,-0.004,0.278,0.196,0.064,-0.026,0.228,0.176
1.056,-0.792,1.419,1.0,-0.001,-0.02,-0.005,0.259,0.193,0.07,-0.062,-0.119,0.135
1.065,-0.783,1.422,1.0,0.002,-0.02,-0.006,0.232,0.201,0.089,0.219,-0.109,-0.025
1.067,-0.782,1.422,1.0,-0.0,-0.021,-0.007,0.228,0.194,0.056,0.0,-0.144,-0.054
1.081,-0.769,1.426,1.0,-0.002,-0.018,-0.007,0.199,0.197,0.051,-0.111,0.081,-0.049
1.081,-0.769,1.426,1.0,-0.002,-0.018,-0.007,0.199,0.197,0.051,-0.111,0.081,-0.049
1.093,-0.757,1.43,1.0,-0.004,-0.018,-0.005,0.177,0.189,0.045,0.031,-0.017,0.127
1.098,-0.75,1.431,1.0,-0.006,-0.016,-0.005,0.159,0.181,0.038,-0.048,0.029,0.042
1.098,-0.75,1.431,1.0,-0.006,-0.016,-0.005,0.159,0.181,0.038,-0.048,0.029,0.042
1.108,-0.737,1.433,1.0,-0.008,-0.014,-0.01,0.139,0.196,0.031,-0.089,0.027,-0.282
1.112,-0.73,1.434,1.0,-0.008,-0.01,-0.01,0.123,0.2,0.013,0.002,0.288,-0.23
1.112,-0.73,1.434,1.0,-0.009,-0.01,-0.008,0.121,0.186,0.013,-0.05,0.232,-0.003
1.12,-0.716,1.434,1.0,-0.009,-0.013,-0.007,0.124,0.217,0.013,0.043,-0.226,-0.058
1.124,-0.709,1.434,1.0,-0.01,-0.01,-0.005,0.105,0.213,-0.017,0.103,-0.024,0.098
1.125,-0.707,1.434,1.0,-0.01,-0.01,-0.008,0.107,0.217,-0.007,0.085,0.014,-0.205
1.13,-0.694,1.434,1.0,-0.012,-0.009,-0.005,0.092,0.225,-0.021,0.1,-0.225,-0.009
1.133,-0.687,1.434,1.0,-0.014,-0.005,-0.007,0.1,0.243,0.002,0.002,0.106,-0.062
1.144,-0.655,1.432,1.0,-0.019,-0.002,-0.006,0.083,0.263,-0.013,-0.186,-0.003,-0.049
1.153,-0.623,1.43,1.0,-0.021,0.001,-0.005,0.071,0.281,-0.03,-0.101,0.059,0.044
1.163,-0.589,1.428,1.0,-0.019,0.003,-0.007,0.075,0.317,-0.039,0.058,0.137,-0.109
1.173,-0.548,1.426,1.0,-0.017,0.003,-0.007,0.076,0.35,-0.021,0.08,0.124,-0.058
1.184,-0.506,1.424,1.0,-0.018,-0.001,-0.006,0.093,0.367,-0.015,-0.07,-0.081,0.022
1.194,-0.458,1.423,1.0,-0.013,-0.004,-0.008,0.076,0.386,0.016,0.351,0.006,-0.133
1.197,-0.442,1.423,1.0,-0.014,-0.002,-0.007,0.068,0.376,0.006,0.144,0.141,-0.0
1.198,-0.438,1.423,1.0,-0.014,-0.004,-0.006,0.081,0.41,-0.004,0.07,-0.072,0.056
1.209,-0.373,1.424,1.0,-0.013,-0.003,-0.009,0.075,0.431,0.008,-0.03,0.121,-0.123
1.217,-0.321,1.425,1.0,-0.011,-0.005,-0.007,0.058,0.437,0.015,-0.02,-0.053,0.054
1.219,-0.303,1.426,1.0,-0.011,-0.004,-0.007,0.057,0.441,0.009,-0.033,0.186,0.046
1.225,-0.253,1.427,1.0,-0.007,-0.003,-0.008,0.048,0.437,-0.007,-0.038,0.227,-0.069
1.23,-0.206,1.429,1.0,-0.002,-0.009,-0.007,0.041,0.441,0.02,0.076,-0.395,0.082
1.235,-0.155,1.43,1.0,0.003,-0.005,-0.007,0.038,0.422,0.004,0.096,-0.029,0.066
1.24,-0.101,1.43,1.0,0.004,-0.002,-0.006,0.042,0.39,-0.005,-0.003,0.002,-0.002
1.247,-0.05,1.428,1.0,0.007,0.0,-0.006,0.052,0.365,-0.013,0.108,0.139,0.062
1.255,-0.007,1.426,1.0,0.004,-0.002,-0.007,0.067,0.342,-0.019,-0.092,-0.077,-0.096
1.259,0.013,1.425,1.0,0.003,-0.002,-0.006,0.069,0.323,-0.016,-0.061,0.058,-0.049
1.262,0.024,1.425,1.0,0.002,-0.003,-0.005,0.079,0.322,-0.012,-0.105,-0.077,0.114
1.263,0.03,1.425,1.0,0.002,-0.003,-0.006,0.076,0.316,-0.001,-0.179,-0.035,0.043
1.266,0.044,1.425,1.0,0.004,-0.004,-0.005,0.075,0.317,-0.001,0.108,-0.069,0.151
1.278,0.096,1.425,1.0,0.003,-0.006,-0.006,0.06,0.305,0.0,0.075,0.105,-0.097
1.281,0.108,1.426,1.0,0.0,-0.009,-0.005,0.066,0.29,-0.003,-0.114,-0.117,-0.031
1.284,0.12,1.426,1.0,-0.002,-0.01,-0.004,0.059,0.29,-0.01,-0.246,-0.178,0.126
1.287,0.138,1.427,1.0,-0.001,-0.011,-0.007,0.055,0.274,0.01,-0.04,-0.046,-0.061
1.287,0.138,1.427,1.0,-0.001,-0.011,-0.007,0.055,0.274,0.01,-0.04,-0.046,-0.061
1.296,0.203,1.428,1.0,-0.003,-0.013,-0.005,0.024,0.273,0.009,-0.147,-0.048,-0.067
1.296,0.236,1.428,1.0,-0.003,-0.014,-0.006,-0.009,0.269,0.001,0.05,0.013,-0.109
1.294,0.267,1.428,1.0,-0.004,-0.016,-0.005,-0.032,0.265,-0.009,-0.128,-0.233,0.029
1.288,0.297,1.428,1.0,-0.004,-0.015,-0.005,-0.058,0.258,-0.001,-0.02,0.075,0.016
1.28,0.329,1.428,1.0,-0.004,-0.012,-0.005,-0.076,0.27,-0.01,-0.033,-0.009,0.008
1.269,0.362,1.428,1.0,-0.005,-0.009,-0.004,-0.092,0.274,-0.006,0.041,0.067,0.008
1.257,0.394,1.427,1.0,-0.007,-0.009,-0.003,-0.099,0.26,0.003,-0.195,-0.011,0.173
1.242,0.426,1.427,1.0,-0.005,-0.008,-0.005,-0.126,0.261,0.002,-0.145,0.115,-0.015
1.237,0.436,1.427,1.0,-0.0,-0.007,-0.005,-0.124,0.27,-0.001,0.225,0.105,-0.002
1.234,0.443,1.426,1.0,-0.002,-0.01,-0.005,-0.128,0.256,-0.01,-0.043,-0.073,0.048
1.232,0.447,1.426,1.0,-0.003,-0.007,-0.005,-0.127,0.256,-0.008,-0.186,0.254,0.024
1.207,0.492,1.424,1.0,-0.002,-0.009,-0.007,-0.15,0.248,-0.014,0.043,0.032,-0.122
1.189,0.52,1.423,1.0,-0.002,-0.012,-0.005,-0.163,0.235,-0.0,-0.011,-0.045,0.027
1.17,0.547,1.423,1.0,-0.002,-0.011,-0.007,-0.174,0.23,0.016,0.084,0.038,-0.114
1.164,0.555,1.423,1.0,-0.004,-0.009,-0.006,-0.181,0.233,0.009,0.004,0.159,0.053
1.152,0.569,1.423,1.0,-0.003,-0.012,-0.006,-0.189,0.237,-0.004,0.119,-0.143,0.021
1.148,0.575,1.423,1.0,-0.003,-0.01,-0.006,-0.183,0.228,0.016,0.141,0.137,-0.037
1.113,0.613,1.423,1.0,-0.007,-0.008,-0.006,-0.211,0.218,-0.012,-0.177,0.104,0.059
1.089,0.639,1.422,1.0,-0.007,-0.01,-0.006,-0.217,0.237,-0.011,0.049,-0.175,-0.027
1.064,0.665,1.422,1.0,-0.008,-0.006,-0.007,-0.222,0.233,0.005,0.014,0.122,-0.027
1.056,0.673,1.421,1.0,-0.006,-0.005,-0.006,-0.229,0.236,-0.0,0.074,0.163,0.012
1.049,0.68,1.421,1.0,-0.007,-0.005,-0.007,-0.241,0.243,0.007,0.075,-0.029,-0.019
1.038,0.692,1.421,1.0,-0.008,-0.004,-0.005,-0.235,0.234,0.005,-0.132,0.135,0.092
1.008,0.723,1.422,1.0,-0.007,-0.005,-0.006,-0.232,0.242,0.009,-0.002,0.017,-0.025
0.98,0.75,1.422,1.0,-0.007,-0.006,-0.005,-0.238,0.236,0.007,-0.071,0.001,0.04
0.952,0.777,1.422,1.0,-0.005,-0.005,-0.004,-0.251,0.231,0.0,-0.203,0.126,0.152
0.923,0.804,1.423,1.0,-0.002,-0.005,-0.005,-0.258,0.232,0.005,0.033,0.05,0.051
0.894,0.829,1.423,1.0,-0.0,-0.005,-0.005,-0.251,0.208,-0.004,-0.045,-0.047,0.097
0.864,0.854,1.422,1.0,0.002,-0.005,-0.007,-0.251,0.195,0.0,0.004,-0.117,-0.003
0.835,0.875,1.422,1.0,0.001,-0.001,-0.006,-0.259,0.183,0.007,0.025,0.201,0.104
0.804,0.896,1.421,1.0,0.0,-0.004,-0.008,-0.255,0.166,-0.004,-0.043,-0.321,-0.049
0.794,0.903,1.421,1.0,0.001,-0.001,-0.007,-0.242,0.163,0.001,0.085,0.048,-0.002
0.783,0.911,1.421,1.0,-0.001,-0.001,-0.008,-0.245,0.166,-0.0,-0.051,0.058,-0.077
0.778,0.914,1.421,1.0,0.001,0.0,-0.007,-0.253,0.163,-0.003,0.182,0.173,0.021
0.764,0.924,1.421,1.0,-0.002,0.001,-0.008,-0.247,0.16,-0.009,-0.028,0.09,-0.018
0.724,0.951,1.421,1.0,-0.005,-0.001,-0.007,-0.232,0.157,0.011,-0.009,0.086,0.013
0.696,0.97,1.422,1.0,-0.005,-0.003,-0.006,-0.241,0.168,0.012,0.119,0.053,0.082
0.668,0.991,1.423,1.0,-0.006,-0.006,-0.007,-0.243,0.17,0.006,0.019,0.049,-0.074
0.641,1.009,1.424,1.0,-0.005,-0.009,-0.007,-0.251,0.167,0.008,0.08,-0.099,0.029
0.633,1.015,1.424,1.0,-0.006,-0.006,-0.006,-0.249,0.176,0.009,0.02,0.229,0.141
0.624,1.022,1.425,1.0,-0.006,-0.006,-0.007,-0.248,0.185,0.028,-0.023,0.141,-0.053
0.607,1.033,1.425,1.0,-0.004,-0.008,-0.008,-0.247,0.181,0.003,0.117,-0.086,-0.063
0.6,1.038,1.426,1.0,-0.006,-0.009,-0.007,-0.261,0.176,0.002,-0.086,-0.116,-0.019
0.584,1.049,1.426,1.0,-0.005,-0.007,-0.007,-0.262,0.183,0.011,-0.019,0.066,-0.018
0.578,1.053,1.426,1.0,-0.003,-0.007,-0.006,-0.27,0.181,0.004,0.089,0.06,0.089
0.573,1.056,1.427,1.0,-0.004,-0.008,-0.007,-0.258,0.175,0.015,0.054,-0.04,-0.022
0.555,1.068,1.427,1.0,-0.001,-0.007,-0.007,-0.265,0.181,0.009,0.128,-0.017,0.002
0.546,1.074,1.427,1.0,-0.002,-0.006,-0.006,-0.27,0.176,0.002,0.034,0.135,-0.014
0.535,1.081,1.427,1.0,-0.003,-0.007,-0.007,-0.271,0.167,0.002,-0.11,-0.021,0.035
0.519,1.091,1.428,1.0,-0.0,-0.007,-0.007,-0.273,0.164,0.013,0.047,-0.045,-0.038
0.481,1.112,1.428,1.0,0.0,-0.01,-0.007,-0.282,0.147,-0.001,-0.066,-0.151,-0.001
0.468,1.118,1.428,1.0,0.002,-0.01,-0.007,-0.288,0.149,-0.01,0.037,-0.072,0.026
0.456,1.124,1.428,1.0,0.003,-0.009,-0.007,-0.299,0.139,-0.006,0.093,0.07,0.022
0.442,1.13,1.428,1.0,0.004,-0.01,-0.007,-0.311,0.127,0.006,0.167,-0.077,-0.063
0.429,1.135,1.428,1.0,0.004,-0.009,-0.008,-0.317,0.127,-0.003,0.069,-0.012,-0.091
0.429,1.135,1.428,1.0,0.004,-0.009,-0.008,-0.317,0.127,-0.003,0.069,-0.012,-0.091
0.378,1.153,1.429,1.0,0.002,-0.01,-0.007,-0.338,0.102,0.002,0.056,-0.002,0.003
0.373,1.154,1.429,1.0,0.001,-0.009,-0.008,-0.339,0.102,0.014,0.026,0.048,-0.104
0.363,1.157,1.429,1.0,0.001,-0.009,-0.007,-0.312,0.089,0.012,-0.013,-0.025,-0.001
0.347,1.161,1.43,1.0,0.001,-0.008,-0.007,-0.353,0.099,0.003,0.034,0.164,-0.059
0.337,1.164,1.43,1.0,-0.0,-0.01,-0.007,-0.351,0.093,0.011,-0.042,-0.055,-0.047
0.327,1.166,1.43,1.0,0.001,-0.008,-0.008,-0.357,0.088,0.008,0.169,0.083,-0.128
0.31,1.17,1.431,1.0,-0.001,-0.011,-0.006,-0.37,0.072,0.01,0.03,-0.209,0.105
0.298,1.173,1.431,1.0,0.001,-0.01,-0.007,-0.366,0.088,0.012,0.045,-0.01,0.017
0.291,1.175,1.432,1.0,-0.0,-0.011,-0.006,-0.368,0.08,0.006,-0.042,-0.104,0.064
0.268,1.179,1.432,1.0,-0.0,-0.011,-0.008,-0.371,0.069,0.007,-0.072,-0.085,-0.142
0.255,1.182,1.432,1.0,0.001,-0.01,-0.007,-0.373,0.068,0.007,0.069,-0.017,-0.063
0.229,1.186,1.432,1.0,0.001,-0.011,-0.007,-0.389,0.07,0.003,-0.033,-0.043,-0.043
0.164,1.194,1.433,1.0,0.004,-0.01,-0.006,-0.403,0.041,-0.001,-0.013,0.088,-0.02
0.145,1.196,1.432,1.0,0.004,-0.009,-0.005,-0.43,0.037,-0.003,-0.015,0.1,0.08
0.129,1.197,1.432,1.0,0.006,-0.009,-0.006,-0.422,0.029,-0.009,0.08,0.04,0.002
0.122,1.197,1.432,1.0,0.005,-0.009,-0.004,-0.436,0.022,-0.006,-0.06,0.053,0.209
0.092,1.198,1.432,1.0,0.006,-0.011,-0.007,-0.425,0.015,-0.008,0.02,-0.129,-0.001
0.044,1.198,1.431,1.0,0.005,-0.01,-0.005,-0.454,-0.008,-0.015,-0.101,-0.044,0.035
0.018,1.197,1.43,1.0,0.008,-0.012,-0.006,-0.444,-0.016,-0.008,0.051,-0.107,-0.037
0.005,1.197,1.43,1.0,0.007,-0.009,-0.006,-0.465,-0.03,0.005,-0.003,0.02,0.001
-0.007,1.196,1.43,1.0,0.007,-0.009,-0.006,-0.456,-0.024,-0.007,0.021,0.023,-0.034
-0.013,1.196,1.43,1.0,0.006,-0.007,-0.005,-0.449,-0.033,-0.006,-0.075,0.084,0.042
-0.034,1.194,1.43,1.0,0.008,-0.006,-0.005,-0.473,-0.046,0.007,0.115,0.101,0.041
-0.069,1.19,1.43,1.0,0.008,-0.007,-0.006,-0.472,-0.054,0.008,0.078,0.036,0.022
-0.079,1.189,1.43,1.0,0.008,-0.006,-0.005,-0.469,-0.062,-0.01,0.114,0.091,0.082
-0.087,1.187,1.43,1.0,0.007,-0.008,-0.005,-0.486,-0.072,0.007,-0.031,-0.068,0.126
-0.122,1.182,1.43,1.0,0.006,-0.008,-0.005,-0.488,-0.084,-0.003,-0.031,-0.059,0.075
-0.122,1.182,1.43,1.0,0.006,-0.008,-0.005,-0.488,-0.084,-0.003,-0.031,-0.059,0.075
-0.207,1.166,1.429,1.0,0.007,-0.007,-0.006,-0.495,-0.099,-0.015,0.096,-0.034,0.003
-0.267,1.152,1.428,1.0,0.006,-0.004,-0.006,-0.501,-0.12,-0.022,-0.008,-0.016,-0.049
-0.327,1.136,1.426,1.0,0.006,-0.003,-0.006,-0.484,-0.144,-0.015,0.058,-0.133,-0.039
-0.351,1.128,1.426,1.0,0.005,0.001,-0.006,-0.488,-0.156,-0.01,-0.079,0.147,0.021
-0.382,1.118,1.426,1.0,0.005,0.001,-0.006,-0.488,-0.158,-0.013,-0.014,0.007,0.027
-0.386,1.117,1.426,1.0,0.005,0.001,-0.007,-0.494,-0.161,-0.023,-0.091,-0.031,-0.053
-0.4,1.112,1.426,1.0,0.006,0.002,-0.006,-0.483,-0.164,-0.005,0.118,0.043,0.083
-0.428,1.102,1.426,1.0,0.005,0.002,-0.007,-0.484,-0.185,0.004,0.019,0.023,0.001
-0.444,1.096,1.426,1.0,0.005,-0.0,-0.007,-0.471,-0.187,-0.011,0.023,-0.252,-0.114
-0.446,1.095,1.426,1.0,0.004,0.003,-0.006,-0.482,-0.182,0.004,-0.061,0.118,0.01
-0.479,1.081,1.427,1.0,0.006,0.003,-0.006,-0.457,-0.189,-0.001,0.04,0.024,0.018
-0.483,1.08,1.427,1.0,0.005,0.005,-0.007,-0.472,-0.196,0.005,-0.056,0.319,-0.045
-0.51,1.068,1.428,1.0,0.005,0.003,-0.008,-0.458,-0.206,0.008,-0.077,-0.018,-0.066
-0.525,1.061,1.428,1.0,0.004,0.005,-0.007,-0.459,-0.211,0.03,-0.115,0.251,-0.007
-0.525,1.061,1.428,1.0,0.004,0.005,-0.007,-0.459,-0.211,0.03,-0.115,0.251,-0.007
-0.639,1.0,1.429,1.0,0.011,-0.004,-0.006,-0.436,-0.254,-0.018,0.126,-0.076,0.211
-0.655,0.99,1.429,1.0,0.011,-0.004,-0.008,-0.415,-0.251,-0.018,0.006,0.082,0.018
-0.683,0.972,1.428,1.0,0.012,-0.008,-0.008,-0.425,-0.271,-0.022,0.033,-0.195,0.001
-0.696,0.964,1.428,1.0,0.008,-0.005,-0.007,-0.42,-0.281,0.006,-0.217,0.041,0.019
-0.731,0.94,1.428,1.0,0.009,0.0,-0.009,-0.434,-0.301,0.012,-0.001,0.344,-0.098
-0.743,0.931,1.427,1.0,0.009,-0.002,-0.008,-0.427,-0.298,0.004,-0.006,0.05,-0.01
-0.765,0.914,1.426,1.0,0.007,-0.001,-0.008,-0.518,-0.398,-0.015,-0.359,-0.132,0.108
-0.776,0.907,1.426,1.0,0.006,0.0,-0.009,-0.442,-0.332,-0.011,-0.252,0.101,-0.076
-0.789,0.896,1.425,1.0,0.007,0.0,-0.009,-0.401,-0.314,-0.035,-0.071,-0.02,-0.104
-0.792,0.894,1.425,1.0,0.007,0.002,-0.009,-0.414,-0.321,-0.006,0.018,0.155,-0.032
-0.82,0.871,1.423,1.0,0.006,0.004,-0.009,-0.385,-0.316,-0.027,-0.04,-0.007,-0.05
-0.821,0.87,1.424,1.0,0.006,0.004,-0.007,-0.39,-0.321,-0.015,0.012,0.026,0.107
-0.842,0.852,1.423,1.0,0.007,0.005,-0.008,-0.374,-0.319,-0.007,0.057,0.043,0.064
-0.851,0.844,1.422,1.0,0.006,0.004,-0.008,-0.365,-0.323,-0.013,0.031,-0.082,0.06
-0.909,0.788,1.423,1.0,0.006,0.003,-0.006,-0.325,-0.34,0.011,0.181,-0.32,0.203
-0.943,0.751,1.424,1.0,0.003,0.009,-0.009,-0.285,-0.32,0.017,-0.123,0.195,-0.123
-0.975,0.712,1.425,1.0,0.003,0.011,-0.009,-0.251,-0.328,0.008,-0.019,0.157,-0.113
-0.984,0.701,1.425,1.0,0.002,0.009,-0.008,-0.242,-0.336,0.003,-0.172,0.053,0.025
-0.992,0.689,1.426,1.0,0.004,0.007,-0.007,-0.239,-0.332,0.008,0.014,-0.106,0.085
-1.001,0.677,1.426,1.0,0.004,0.009,-0.009,-0.234,-0.341,0.015,0.038,0.148,-0.013
-1.03,0.631,1.428,1.0,0.005,0.006,-0.009,-0.2,-0.345,0.013,0.031,0.102,-0.116
-1.052,0.591,1.43,1.0,0.005,0.002,-0.007,-0.184,-0.349,0.001,-0.047,-0.05,0.089
-1.071,0.552,1.432,1.0,0.004,-0.0,-0.008,-0.164,-0.34,0.018,-0.023,-0.038,-0.029
-1.09,0.512,1.434,1.0,0.004,-0.002,-0.006,-0.158,-0.338,0.011,-0.046,0.0,0.169
-1.107,0.474,1.437,1.0,0.003,-0.002,-0.009,-0.149,-0.342,0.022,-0.102,-0.096,-0.138
-1.119,0.445,1.438,1.0,0.005,-0.001,-0.009,-0.138,-0.331,0.015,0.013,-0.053,-0.051
-1.134,0.406,1.441,1.0,0.006,0.002,-0.008,-0.119,-0.332,0.03,0.168,0.007,0.046
-1.137,0.395,1.442,1.0,0.003,0.002,-0.008,-0.116,-0.324,0.033,-0.112,0.108,0.013
-1.141,0.384,1.442,1.0,0.006,0.003,-0.008,-0.106,-0.319,0.037,0.147,0.287,0.012
-1.145,0.371,1.443,1.0,0.003,0.003,-0.008,-0.099,-0.328,0.027,-0.04,0.232,-0.016
-1.151,0.352,1.443,1.0,0.003,-0.0,-0.008,-0.083,-0.311,0.003,0.024,-0.214,0.029
-1.154,0.341,1.444,1.0,0.003,-0.001,-0.009,-0.09,-0.305,0.004,0.0,-0.098,-0.121
-1.154,0.341,1.444,1.0,0.003,-0.001,-0.009,-0.09,-0.305,0.004,0.0,-0.098,-0.121
-1.158,0.325,1.443,1.0,0.004,0.0,-0.009,-0.08,-0.309,-0.003,0.088,0.083,-0.052
-1.161,0.312,1.443,1.0,0.003,0.0,-0.009,-0.075,-0.308,-0.009,-0.018,0.033,-0.042
-1.166,0.291,1.444,1.0,0.005,-0.001,-0.009,-0.064,-0.289,-0.005,-0.008,-0.094,-0.037
-1.169,0.28,1.444,1.0,0.005,0.001,-0.008,-0.073,-0.302,0.011,0.015,0.171,0.009
-1.173,0.261,1.444,1.0,0.005,0.001,-0.008,-0.069,-0.305,0.005,-0.055,0.167,0.062
-1.175,0.251,1.444,1.0,0.006,-0.001,-0.007,-0.057,-0.295,-0.006,-0.062,-0.021,0.1
-1.175,0.251,1.444,1.0,0.006,-0.001,-0.007,-0.057,-0.295,-0.006,-0.062,-0.021,0.1
-1.181,0.218,1.445,1.0,0.011,-0.002,-0.009,-0.052,-0.299,0.004,0.079,-0.006,-0.02
-1.183,0.206,1.445,1.0,0.01,-0.001,-0.008,-0.051,-0.295,0.002,-0.07,0.046,0.028
-1.186,0.191,1.445,1.0,0.013,-0.001,-0.008,-0.036,-0.308,-0.007,0.096,-0.061,0.033
-1.188,0.177,1.446,1.0,0.014,-0.001,-0.009,-0.04,-0.315,-0.005,-0.002,-0.112,0.014
-1.191,0.158,1.446,1.0,0.017,0.001,-0.008,-0.047,-0.326,0.012,0.138,0.089,0.027
-1.191,0.156,1.446,1.0,0.016,0.001,-0.008,-0.059,-0.354,0.014,0.103,0.013,0.051
-1.193,0.135,1.446,1.0,0.015,0.001,-0.009,-0.039,-0.335,-0.011,-0.054,0.01,-0.075
-1.195,0.123,1.446,1.0,0.014,0.001,-0.009,-0.037,-0.346,-0.016,-0.113,0.02,-0.025
-1.195,0.123,1.446,1.0,0.014,0.001,-0.009,-0.037,-0.346,-0.016,-0.113,0.02,-0.025
-1.201,0.056,1.446,1.0,0.016,0.002,-0.008,-0.023,-0.389,-0.005,0.053,0.028,0.069
-1.202,0.038,1.446,1.0,0.016,0.005,-0.009,-0.026,-0.397,0.005,-0.009,0.152,-0.003
-1.202,0.034,1.446,1.0,0.017,0.003,-0.01,-0.032,-0.405,0.003,0.038,-0.057,-0.077
-1.204,0.007,1.445,1.0,0.016,0.003,-0.008,-0.014,-0.416,-0.007,-0.023,-0.087,0.13
-1.204,0.007,1.445,1.0,0.016,0.003,-0.008,-0.014,-0.416,-0.007,-0.023,-0.087,0.13
-1.205,-0.022,1.445,1.0,0.015,0.005,-0.01,-0.011,-0.425,0.001,-0.029,-0.041,-0.076
-1.205,-0.035,1.444,1.0,0.014,0.005,-0.009,-0.015,-0.449,-0.009,-0.095,0.04,-0.001
-1.205,-0.039,1.444,1.0,0.014,0.007,-0.008,-0.003,-0.441,-0.007,-0.131,0.186,0.082
-1.205,-0.067,1.443,1.0,0.014,0.006,-0.009,-0.001,-0.45,-0.02,-0.007,-0.087,0.045
-1.205,-0.082,1.443,1.0,0.013,0.008,-0.009,0.014,-0.447,-0.021,-0.033,0.034,-0.002
-1.205,-0.082,1.443,1.0,0.013,0.008,-0.009,0.014,-0.447,-0.021,-0.033,0.034,-0.002
-1.204,-0.113,1.443,1.0,0.014,0.008,-0.009,0.003,-0.462,-0.006,0.034,-0.12,0.006
-1.203,-0.127,1.442,1.0,0.013,0.008,-0.008,0.023,-0.486,-0.018,-0.029,-0.114,0.018
-1.202,-0.155,1.442,1.0,0.011,0.012,-0.009,0.027,-0.485,-0.008,-0.155,0.131,-0.071
-1.201,-0.165,1.441,1.0,0.012,0.011,-0.009,0.037,-0.491,-0.007,0.043,0.015,-0.105
-1.2,-0.175,1.441,1.0,0.012,0.012,-0.008,0.037,-0.499,-0.002,0.006,0.025,0.066
-1.198,-0.202,1.441,1.0,0.012,0.011,-0.01,0.046,-0.487,-0.012,0.056,-0.068,-0.098
-1.195,-0.225,1.441,1.0,0.011,0.014,-0.009,0.061,-0.507,-0.008,-0.014,0.082,-0.046
-1.192,-0.248,1.441,1.0,0.011,0.012,-0.008,0.068,-0.509,-0.001,0.083,-0.178,0.041
-1.188,-0.278,1.441,1.0,0.01,0.012,-0.007,0.079,-0.52,-0.008,0.008,-0.222,0.081
-1.188,-0.282,1.44,1.0,0.01,0.013,-0.007,0.076,-0.502,-0.012,0.009,-0.087,0.041
-1.183,-0.313,1.441,1.0,0.008,0.015,-0.007,0.087,-0.51,0.006,-0.063,0.044,0.023
-1.181,-0.323,1.441,1.0,0.007,0.017,-0.006,0.096,-0.532,-0.007,-0.115,0.113,0.151
-1.158,-0.419,1.44,1.0,0.005,0.02,-0.007,0.143,-0.524,-0.006,0.033,-0.008,-0.047
-1.149,-0.45,1.44,1.0,0.004,0.019,-0.005,0.15,-0.514,-0.003,-0.092,-0.036,0.059
-1.137,-0.487,1.44,1.0,0.003,0.023,-0.007,0.171,-0.514,0.008,-0.051,0.252,-0.108
-1.112,-0.553,1.44,1.0,0.002,0.019,-0.007,0.199,-0.516,0.007,-0.061,0.079,-0.055
-1.102,-0.576,1.44,1.0,0.001,0.016,-0.005,0.213,-0.516,-0.001,-0.091,-0.16,0.052
-1.093,-0.597,1.44,1.0,0.001,0.014,-0.005,0.222,-0.507,-0.007,0.027,-0.242,0.123
-1.086,-0.612,1.44,1.0,0.001,0.015,-0.006,0.224,-0.503,0.014,0.097,-0.092,-0.002
-1.074,-0.637,1.441,1.0,-0.001,0.018,-0.007,0.227,-0.502,0.015,0.008,0.244,-0.029
-1.058,-0.669,1.441,1.0,-0.003,0.015,-0.007,0.249,-0.481,0.001,-0.029,-0.034,-0.003
-1.047,-0.689,1.441,1.0,-0.005,0.015,-0.007,0.263,-0.475,0.006,-0.057,-0.082,-0.07
-1.031,-0.718,1.442,1.0,-0.006,0.013,-0.007,0.262,-0.464,0.01,-0.048,-0.14,0.003
-1.024,-0.729,1.442,1.0,-0.006,0.014,-0.007,0.271,-0.47,0.01,-0.003,-0.07,-0.016
-1.006,-0.758,1.442,1.0,-0.005,0.015,-0.006,0.28,-0.451,0.005,0.014,0.128,0.005
-1.002,-0.765,1.443,1.0,-0.006,0.014,-0.006,0.288,-0.461,0.016,-0.044,-0.046,0.06
-0.95,-0.84,1.444,1.0,-0.007,0.013,-0.006,0.306,-0.421,0.014,-0.072,-0.167,0.022
-0.912,-0.889,1.444,1.0,-0.009,0.016,-0.005,0.316,-0.391,0.01,-0.115,0.067,0.093
-0.874,-0.931,1.444,1.0,-0.007,0.014,-0.007,0.341,-0.367,-0.004,0.129,-0.117,-0.11
-0.835,-0.971,1.444,1.0,-0.007,0.013,-0.004,0.37,-0.348,0.006,0.023,-0.112,0.098
-0.791,-1.011,1.443,1.0,-0.01,0.011,-0.004,0.376,-0.313,-0.009,-0.02,-0.178,0.098
-0.778,-1.021,1.443,1.0,-0.008,0.012,-0.004,0.376,-0.315,0.003,0.184,0.057,0.072
-0.759,-1.036,1.443,1.0,-0.011,0.012,-0.006,0.378,-0.308,0.008,-0.175,0.17,-0.076
-0.758,-1.037,1.443,1.0,-0.01,0.012,-0.006,0.366,-0.29,0.006,-0.0,0.069,-0.028
-0.732,-1.056,1.443,1.0,-0.008,0.009,-0.006,0.389,-0.284,0.007,0.19,-0.059,-0.105
-0.719,-1.065,1.443,1.0,-0.01,0.007,-0.006,0.39,-0.278,-0.009,0.03,-0.144,-0.051
-0.718,-1.067,1.443,1.0,-0.009,0.006,-0.006,0.383,-0.282,-0.003,0.124,-0.304,0.012
-0.694,-1.083,1.443,1.0,-0.01,0.008,-0.006,0.386,-0.257,0.006,0.026,0.08,-0.033
-0.681,-1.092,1.444,1.0,-0.01,0.009,-0.006,0.385,-0.252,0.012,0.044,0.153,-0.03
-0.681,-1.092,1.444,1.0,-0.01,0.009,-0.006,0.385,-0.252,0.012,0.044,0.153,-0.03
-0.58,-1.149,1.444,1.0,-0.01,0.007,-0.004,0.388,-0.195,0.002,0.062,0.144,0.02
-0.533,-1.17,1.444,1.0,-0.012,0.006,-0.004,0.389,-0.173,-0.004,-0.113,-0.041,0.038
-0.482,-1.19,1.443,1.0,-0.011,0.004,-0.006,0.399,-0.146,-0.016,-0.081,-0.017,-0.125
-0.435,-1.206,1.442,1.0,-0.008,0.004,-0.003,0.402,-0.136,-0.023,0.012,-0.016,0.109
-0.39,-1.22,1.439,1.0,-0.006,0.0,-0.005,0.381,-0.11,-0.019,-0.017,-0.291,-0.08
-0.344,-1.232,1.437,1.0,-0.004,0.003,-0.005,0.389,-0.104,-0.022,0.084,0.062,-0.0
-0.288,-1.247,1.435,1.0,-0.002,0.001,-0.005,0.393,-0.096,-0.004,0.047,-0.175,0.003
-0.243,-1.258,1.435,1.0,-0.004,0.004,-0.007,0.398,-0.093,0.006,0.027,0.103,-0.087
-0.23,-1.261,1.435,1.0,-0.005,0.001,-0.006,0.395,-0.088,0.004,-0.043,-0.202,0.041
-0.227,-1.261,1.435,1.0,-0.004,0.003,-0.007,0.385,-0.09,0.01,0.054,0.104,-0.07
-0.214,-1.265,1.435,1.0,-0.005,0.004,-0.006,0.388,-0.092,0.005,0.007,0.109,0.022
-0.196,-1.269,1.436,1.0,-0.005,-0.001,-0.006,0.389,-0.091,0.004,0.057,-0.312,-0.012
-0.18,-1.272,1.436,1.0,-0.006,-0.002,-0.006,0.385,-0.091,-0.003,-0.085,-0.154,0.037
-0.119,-1.286,1.436,1.0,-0.008,0.001,-0.007,0.366,-0.083,-0.007,-0.05,0.12,-0.053
-0.082,-1.294,1.436,1.0,-0.005,0.004,-0.006,0.353,-0.069,-0.007,0.136,0.104,-0.052
-0.072,-1.296,1.436,1.0,-0.006,0.0,-0.005,0.345,-0.075,-0.006,-0.039,-0.289,0.028
-0.06,-1.298,1.435,1.0,-0.007,0.004,-0.006,0.349,-0.072,-0.008,-0.098,0.191,-0.095
-0.048,-1.301,1.435,1.0,-0.009,0.006,-0.005,0.343,-0.064,-0.009,-0.218,0.313,-0.007
-0.031,-1.304,1.435,1.0,-0.008,0.006,-0.005,0.344,-0.064,-0.009,-0.005,0.239,-0.026
-0.031,-1.304,1.435,1.0,-0.008,0.006,-0.005,0.344,-0.064,-0.009,-0.005,0.239,-0.026
-0.008,-1.309,1.434,1.0,-0.008,0.001,-0.005,0.334,-0.067,-0.014,-0.059,-0.096,-0.102
0.003,-1.31,1.434,1.0,-0.009,-0.001,-0.004,0.325,-0.054,-0.019,-0.066,-0.271,0.026
0.006,-1.311,1.434,1.0,-0.009,0.003,-0.006,0.355,-0.064,-0.018,-0.061,0.18,-0.121
0.025,-1.314,1.433,1.0,-0.01,0.004,-0.004,0.336,-0.05,-0.016,-0.001,0.176,-0.034
0.032,-1.315,1.433,1.0,-0.008,-0.001,-0.004,0.335,-0.054,-0.014,0.082,-0.34,-0.051
0.086,-1.322,1.433,1.0,-0.014,0.008,-0.006,0.32,-0.029,0.012,-0.222,0.236,-0.111
0.098,-1.323,1.433,1.0,-0.012,0.008,-0.004,0.306,-0.029,0.027,-0.066,0.324,-0.052
0.121,-1.325,1.434,1.0,-0.013,-0.0,-0.003,0.327,-0.017,-0.008,-0.087,-0.677,0.106
0.128,-1.325,1.434,1.0,-0.011,0.007,-0.002,0.32,-0.012,0.01,0.211,0.255,0.113
0.181,-1.325,1.437,1.0,-0.013,0.003,-0.002,0.316,-0.01,-0.002,0.015,-0.4,0.22
0.195,-1.325,1.438,1.0,-0.012,0.007,-0.002,0.336,0.003,0.014,0.162,-0.075,0.149
0.208,-1.323,1.439,1.0,-0.018,0.009,-0.006,0.337,0.026,-0.009,-0.231,-0.056,-0.093
0.223,-1.321,1.44,0.999,-0.024,0.024,-0.012,0.31,0.057,0.02,-0.602,1.064,-0.604
0.28,-1.31,1.44,1.0,-0.011,0.008,-0.003,0.356,0.091,-0.029,0.554,-0.05,0.157
0.322,-1.297,1.437,1.0,-0.011,0.0,-0.007,0.376,0.122,-0.04,0.165,-0.301,-0.197
0.363,-1.282,1.435,1.0,-0.011,0.001,-0.009,0.344,0.14,-0.021,0.256,-0.055,-0.164
0.374,-1.278,1.434,1.0,-0.014,0.001,-0.009,0.361,0.133,-0.037,-0.117,0.143,-0.098
0.394,-1.269,1.432,1.0,-0.014,-0.002,-0.008,0.325,0.148,-0.028,-0.041,-0.081,-0.124
0.403,-1.264,1.432,1.0,-0.014,0.003,-0.005,0.324,0.163,-0.014,-0.049,0.357,0.229
0.448,-1.241,1.43,1.0,-0.013,-0.001,-0.007,0.316,0.171,-0.014,-0.057,-0.139,0.096
0.484,-1.219,1.431,1.0,-0.01,0.005,-0.008,0.294,0.184,0.019,0.088,0.425,0.097
0.519,-1.196,1.433,1.0,-0.01,0.002,-0.007,0.286,0.194,0.013,0.039,-0.042,0.232
0.553,-1.172,1.434,1.0,-0.008,-0.001,-0.009,0.29,0.198,0.009,0.077,-0.161,0.015
0.565,-1.163,1.435,1.0,-0.007,-0.001,-0.011,0.294,0.223,0.017,0.144,-0.157,-0.088
0.567,-1.162,1.435,1.0,-0.01,-0.0,-0.009,0.261,0.197,-0.005,-0.09,-0.016,0.074
0.585,-1.148,1.436,1.0,-0.007,0.002,-0.011,0.285,0.223,0.017,0.111,-0.017,-0.124
0.622,-1.119,1.437,1.0,-0.007,0.005,-0.011,0.265,0.208,0.015,0.088,0.104,-0.176
0.634,-1.11,1.437,1.0,-0.01,0.005,-0.009,0.264,0.199,-0.006,-0.241,-0.051,-0.014
0.645,-1.102,1.437,1.0,-0.007,0.006,-0.01,0.28,0.198,-0.002,-0.011,0.01,-0.089
0.652,-1.096,1.437,1.0,-0.009,0.003,-0.011,0.288,0.228,0.006,-0.174,-0.192,-0.256
0.668,-1.083,1.437,1.0,-0.008,0.003,-0.008,0.272,0.21,-0.008,-0.158,-0.222,0.112
0.703,-1.055,1.437,1.0,-0.005,0.006,-0.006,0.273,0.218,0.004,0.059,0.043,0.223
0.712,-1.048,1.436,1.0,-0.009,0.004,-0.007,0.287,0.232,-0.004,-0.359,-0.22,0.114
0.721,-1.041,1.436,1.0,-0.006,0.007,-0.007,0.276,0.222,0.006,0.092,0.047,0.056
0.73,-1.033,1.437,1.0,-0.003,0.005,-0.011,0.272,0.233,0.009,0.246,-0.197,-0.245
0.745,-1.022,1.437,1.0,-0.004,0.011,-0.008,0.279,0.203,0.008,0.119,0.241,-0.053
0.79,-0.984,1.436,1.0,-0.011,0.007,-0.007,0.284,0.221,-0.002,-0.172,-0.104,0.096
0.802,-0.975,1.436,1.0,-0.009,0.004,-0.01,0.273,0.223,-0.005,0.144,-0.273,-0.201
0.811,-0.967,1.435,1.0,-0.014,0.006,-0.008,0.285,0.237,-0.013,-0.307,-0.037,-0.044
0.814,-0.965,1.435,1.0,-0.011,0.007,-0.007,0.276,0.224,-0.012,0.081,0.038,0.046
0.83,-0.951,1.434,1.0,-0.012,0.004,-0.007,0.28,0.244,-0.018,0.25,-0.104,-0.027
0.868,-0.915,1.432,1.0,-0.015,0.006,-0.008,0.273,0.283,-0.017,0.035,0.105,-0.112
0.9,-0.882,1.43,1.0,-0.016,0.003,-0.008,0.271,0.297,-0.005,0.04,0.112,-0.117
0.909,-0.872,1.43,1.0,-0.015,0.001,-0.008,0.279,0.291,-0.004,0.16,-0.101,-0.163
0.918,-0.862,1.431,1.0,-0.016,0.002,-0.006,0.263,0.305,0.008,-0.014,0.062,0.004
0.925,-0.854,1.431,1.0,-0.018,-0.0,-0.005,0.261,0.325,0.002,-0.165,-0.079,0.117
0.938,-0.838,1.431,1.0,-0.016,0.001,-0.005,0.276,0.342,0.023,-0.073,-0.063,0.107
0.98,-0.782,1.433,1.0,-0.011,-0.002,-0.004,0.243,0.351,0.017,0.284,-0.045,0.116
0.989,-0.767,1.434,1.0,-0.012,0.0,-0.006,0.243,0.35,0.016,0.095,0.139,0.017
1.004,-0.744,1.434,1.0,-0.011,-0.002,-0.005,0.248,0.367,0.003,0.012,-0.111,0.067
1.009,-0.735,1.434,1.0,-0.012,-0.003,-0.004,0.223,0.372,-0.004,-0.103,-0.16,0.033
1.03,-0.701,1.434,1.0,-0.009,-0.003,-0.008,0.226,0.379,0.004,0.185,-0.087,-0.281
1.036,-0.688,1.434,1.0,-0.009,-0.002,-0.007,0.201,0.376,-0.007,0.093,0.021,-0.184
1.044,-0.674,1.434,1.0,-0.007,-0.004,-0.006,0.218,0.377,0.008,0.189,-0.132,-0.042
1.053,-0.658,1.435,1.0,-0.009,-0.002,-0.004,0.198,0.393,0.002,-0.027,-0.014,0.081
1.085,-0.595,1.436,1.0,-0.008,-0.0,-0.005,0.183,0.385,0.0,0.092,0.085,-0.016
1.107,-0.548,1.437,1.0,-0.009,-0.002,-0.004,0.193,0.394,0.008,0.065,-0.023,0.077
1.128,-0.503,1.438,1.0,-0.007,-0.002,-0.005,0.179,0.39,0.009,0.314,0.097,0.011
1.148,-0.457,1.44,1.0,-0.008,-0.007,-0.005,0.176,0.4,0.016,0.197,-0.29,-0.124
1.167,-0.411,1.441,1.0,-0.009,-0.005,-0.006,0.156,0.407,0.001,0.153,-0.094,-0.125
1.185,-0.366,1.442,1.0,-0.011,-0.004,-0.004,0.15,0.417,-0.001,-0.028,-0.257,0.001
1.203,-0.317,1.443,1.0,-0.008,-0.001,-0.006,0.148,0.415,-0.007,0.025,0.039,-0.104
1.222,-0.267,1.443,1.0,-0.006,-0.001,-0.003,0.149,0.396,-0.001,0.027,-0.079,0.066
1.24,-0.222,1.444,1.0,-0.002,-0.003,-0.004,0.152,0.39,-0.0,0.133,-0.183,-0.007
1.26,-0.175,1.446,1.0,-0.0,-0.003,-0.004,0.165,0.377,0.009,-0.04,-0.066,0.021
1.277,-0.133,1.446,1.0,0.001,-0.003,-0.003,0.155,0.373,-0.002,-0.073,0.01,0.223
1.295,-0.095,1.446,1.0,0.006,-0.006,-0.003,0.147,0.326,0.002,0.149,0.113,0.034
1.311,-0.06,1.445,1.0,0.004,-0.01,-0.003,0.137,0.29,-0.005,-0.053,-0.053,0.012
1.315,-0.05,1.445,1.0,0.006,-0.011,-0.004,0.132,0.29,-0.003,0.058,0.006,-0.02
1.319,-0.039,1.445,1.0,0.003,-0.014,-0.003,0.117,0.276,-0.009,-0.067,-0.153,0.074
1.324,-0.028,1.444,1.0,0.004,-0.016,-0.003,0.107,0.259,-0.016,-0.088,-0.207,0.017
1.338,0.011,1.444,1.0,0.002,-0.014,-0.003,0.067,0.226,0.011,-0.003,-0.035,0.08
1.344,0.036,1.445,1.0,0.001,-0.011,-0.006,0.034,0.197,0.016,0.177,0.13,-0.14
1.348,0.058,1.448,1.0,-0.006,-0.013,-0.004,0.023,0.191,0.016,-0.156,0.03,-0.028
1.348,0.064,1.448,1.0,-0.006,-0.013,-0.004,0.021,0.184,0.03,-0.065,-0.056,0.033
1.349,0.073,1.449,1.0,-0.008,-0.014,-0.003,0.012,0.176,0.019,-0.157,-0.029,0.192
1.348,0.099,1.45,1.0,-0.008,-0.014,-0.006,-0.02,0.186,-0.014,0.036,-0.014,-0.155
1.345,0.122,1.449,1.0,-0.01,-0.012,-0.005,-0.031,0.197,-0.019,-0.001,0.041,0.037
1.341,0.147,1.447,1.0,-0.012,-0.012,-0.007,-0.046,0.207,-0.013,0.077,-0.056,-0.031
1.335,0.171,1.446,1.0,-0.013,-0.012,-0.006,-0.061,0.233,-0.013,0.127,0.04,0.016
1.327,0.197,1.444,1.0,-0.014,-0.009,-0.006,-0.077,0.245,-0.011,0.042,0.061,0.014
1.318,0.23,1.443,1.0,-0.015,-0.01,-0.005,-0.082,0.283,-0.019,-0.145,-0.097,0.12
1.307,0.266,1.443,1.0,-0.012,-0.009,-0.007,-0.089,0.299,-0.001,0.092,0.047,-0.115
1.296,0.303,1.444,1.0,-0.006,-0.007,-0.008,-0.093,0.309,0.017,0.21,0.072,-0.066
1.285,0.339,1.445,1.0,-0.007,-0.007,-0.008,-0.113,0.321,0.012,0.035,-0.001,-0.078
1.274,0.374,1.446,1.0,-0.006,-0.009,-0.005,-0.098,0.311,-0.002,-0.028,-0.124,0.148
1.262,0.41,1.446,1.0,-0.003,-0.008,-0.007,-0.101,0.301,-0.008,-0.057,-0.015,-0.031
1.257,0.423,1.446,1.0,-0.001,-0.005,-0.008,-0.11,0.309,0.005,0.174,0.191,-0.02
1.251,0.44,1.445,1.0,0.002,-0.007,-0.007,-0.104,0.289,-0.011,0.15,-0.057,-0.009
1.251,0.44,1.445,1.0,0.002,-0.007,-0.007,-0.104,0.289,-0.011,0.15,-0.057,-0.009
1.243,0.459,1.445,1.0,0.002,-0.008,-0.008,-0.108,0.282,-0.015,0.087,-0.067,-0.06
1.24,0.469,1.445,1.0,-0.003,-0.009,-0.006,-0.111,0.278,-0.01,-0.184,0.018,0.078
1.24,0.469,1.445,1.0,-0.003,-0.009,-0.006,-0.111,0.278,-0.01,-0.184,0.018,0.078
1.233,0.485,1.444,1.0,-0.003,-0.005,-0.006,-0.114,0.276,0.002,-0.086,0.24,0.005
1.228,0.496,1.444,1.0,-0.001,-0.01,-0.007,-0.117,0.267,0.005,-0.035,-0.102,-0.019
1.207,0.542,1.443,1.0,0.0,-0.011,-0.007,-0.128,0.245,-0.011,-0.023,-0.003,-0.094
1.19,0.571,1.442,1.0,-0.001,-0.012,-0.006,-0.136,0.226,0.0,0.009,0.054,0.029
1.173,0.598,1.442,1.0,-0.002,-0.013,-0.007,-0.16,0.224,-0.004,-0.032,0.007,-0.04
1.168,0.604,1.442,1.0,-0.002,-0.014,-0.007,-0.164,0.216,-0.01,-0.081,-0.011,-0.017
1.16,0.615,1.442,1.0,-0.004,-0.015,-0.006,-0.17,0.218,-0.006,-0.208,-0.066,0.056
1.145,0.635,1.442,1.0,-0.006,-0.011,-0.007,-0.173,0.214,0.002,-0.167,0.195,-0.008
1.123,0.659,1.442,1.0,-0.004,-0.012,-0.007,-0.193,0.215,0.002,-0.107,0.021,-0.003
1.116,0.666,1.442,1.0,-0.005,-0.012,-0.007,-0.21,0.217,0.006,-0.188,0.169,0.05
1.103,0.68,1.442,1.0,-0.002,-0.015,-0.008,-0.205,0.211,0.012,0.009,-0.098,-0.051
1.079,0.702,1.444,1.0,-0.003,-0.013,-0.007,-0.233,0.205,0.015,0.033,0.079,-0.029
1.07,0.71,1.445,1.0,-0.003,-0.013,-0.007,-0.232,0.204,0.009,-0.073,0.01,-0.035
1.057,0.722,1.446,1.0,-0.003,-0.014,-0.008,-0.24,0.2,0.01,0.018,-0.102,-0.077
1.055,0.723,1.446,1.0,-0.003,-0.013,-0.006,-0.23,0.201,0.015,0.009,-0.027,0.064
1.042,0.734,1.447,1.0,-0.003,-0.013,-0.008,-0.249,0.206,0.006,0.088,-0.085,-0.125
1.033,0.741,1.447,1.0,-0.003,-0.013,-0.007,-0.247,0.202,0.015,0.103,-0.11,0.0
0.984,0.78,1.449,1.0,-0.008,-0.011,-0.007,-0.26,0.207,-0.0,0.059,-0.178,0.043
0.954,0.806,1.449,1.0,-0.009,-0.009,-0.006,-0.26,0.233,-0.002,0.119,-0.157,0.085
0.924,0.833,1.449,1.0,-0.012,-0.005,-0.006,-0.26,0.238,-0.007,0.0,-0.018,-0.009
0.892,0.864,1.447,1.0,-0.008,-0.005,-0.006,-0.258,0.249,-0.024,0.273,-0.18,-0.005
0.863,0.893,1.446,1.0,-0.009,-0.001,-0.006,-0.237,0.253,-0.008,0.049,0.051,0.008
0.852,0.905,1.445,1.0,-0.009,-0.003,-0.006,-0.239,0.261,-0.005,0.045,-0.087,-0.044
0.844,0.914,1.444,1.0,-0.009,-0.003,-0.006,-0.238,0.254,-0.01,0.041,-0.054,0.006
0.831,0.928,1.444,1.0,-0.006,-0.003,-0.007,-0.239,0.258,-0.011,0.178,-0.008,-0.049
0.83,0.929,1.444,1.0,-0.007,-0.003,-0.007,-0.239,0.258,-0.006,0.013,0.009,-0.013
0.815,0.945,1.444,1.0,-0.004,-0.005,-0.006,-0.235,0.252,-0.007,0.178,-0.075,0.014
0.81,0.95,1.444,1.0,-0.005,-0.005,-0.006,-0.244,0.252,0.001,0.047,0.007,0.011
0.769,0.992,1.445,1.0,-0.001,-0.011,-0.006,-0.257,0.243,0.017,0.001,-0.221,-0.025
0.739,1.018,1.447,1.0,0.0,-0.013,-0.005,-0.265,0.211,0.023,-0.098,0.014,0.027
0.707,1.041,1.449,1.0,0.002,-0.01,-0.006,-0.285,0.201,0.023,-0.057,0.293,-0.102
0.67,1.062,1.449,1.0,0.004,-0.016,-0.006,-0.314,0.168,0.012,0.117,-0.244,-0.097
0.66,1.068,1.449,1.0,0.003,-0.016,-0.005,-0.324,0.159,-0.008,-0.025,-0.13,0.062
0.652,1.071,1.449,1.0,0.005,-0.015,-0.005,-0.325,0.15,0.012,0.052,0.1,0.072
0.642,1.076,1.449,1.0,0.004,-0.014,-0.005,-0.324,0.142,-0.008,0.054,0.046,0.02
0.62,1.085,1.448,1.0,0.004,-0.012,-0.006,-0.332,0.135,-0.01,0.027,0.11,-0.064
0.614,1.087,1.448,1.0,0.003,-0.013,-0.005,-0.348,0.132,-0.014,-0.006,-0.019,0.006
0.555,1.105,1.445,1.0,0.0,-0.012,-0.005,-0.378,0.103,-0.016,-0.071,-0.101,0.02
0.541,1.109,1.444,1.0,0.0,-0.011,-0.005,-0.376,0.095,-0.009,-0.038,-0.051,0.096
0.53,1.111,1.444,1.0,-0.001,-0.01,-0.007,-0.382,0.096,-0.012,-0.093,0.041,-0.124
0.52,1.114,1.443,1.0,0.001,-0.01,-0.006,-0.386,0.094,-0.015,0.066,-0.002,-0.056
0.501,1.118,1.443,1.0,-0.001,-0.01,-0.005,-0.389,0.086,-0.01,-0.095,-0.079,0.151
0.486,1.121,1.443,1.0,0.0,-0.009,-0.006,-0.391,0.075,-0.002,0.014,-0.052,0.048
0.476,1.123,1.443,1.0,0.001,-0.009,-0.006,-0.393,0.077,0.004,0.079,-0.029,-0.0
0.451,1.127,1.443,1.0,0.001,-0.009,-0.006,-0.403,0.064,0.003,0.072,-0.122,0.013
0.384,1.135,1.445,1.0,-0.001,-0.005,-0.008,-0.423,0.05,0.022,0.034,0.112,-0.155
0.327,1.14,1.447,1.0,-0.004,-0.004,-0.008,-0.426,0.04,0.011,-0.02,0.14,-0.073
0.277,1.144,1.448,1.0,-0.005,-0.006,-0.008,-0.436,0.033,-0.001,0.052,-0.128,-0.04
0.264,1.145,1.447,1.0,-0.007,-0.005,-0.006,-0.45,0.033,-0.012,-0.13,0.036,0.09
0.261,1.145,1.448,1.0,-0.005,-0.004,-0.009,-0.421,0.035,0.0,0.026,0.126,-0.165
0.247,1.146,1.447,1.0,-0.006,-0.007,-0.007,-0.423,0.025,-0.008,-0.079,-0.181,0.057
0.223,1.148,1.446,1.0,-0.005,-0.006,-0.008,-0.437,0.033,-0.017,0.105,-0.132,-0.034
0.209,1.149,1.446,1.0,-0.004,-0.004,-0.008,-0.445,0.023,-0.012,0.048,0.139,-0.05
0.137,1.153,1.443,1.0,-0.003,-0.002,-0.007,-0.444,0.022,-0.02,-0.042,0.046,0.11
0.087,1.155,1.441,1.0,-0.004,-0.002,-0.008,-0.445,0.014,-0.023,-0.155,-0.023,-0.028
0.039,1.155,1.439,1.0,-0.001,-0.002,-0.008,-0.45,-0.004,-0.025,0.042,-0.097,-0.056
-0.013,1.154,1.439,1.0,0.001,-0.0,-0.008,-0.449,-0.008,0.003,0.002,0.056,-0.064
-0.046,1.153,1.439,1.0,0.002,0.001,-0.007,-0.459,-0.025,0.004,0.044,-0.011,0.041
-0.063,1.151,1.44,1.0,0.001,0.0,-0.007,-0.431,-0.025,0.015,-0.033,-0.091,-0.02
-0.081,1.15,1.441,1.0,0.002,0.001,-0.007,-0.441,-0.038,0.021,0.077,-0.036,0.084
-0.099,1.148,1.442,1.0,0.001,0.002,-0.007,-0.442,-0.045,0.025,0.067,-0.034,0.013
-0.174,1.14,1.445,1.0,-0.001,0.005,-0.007,-0.424,-0.058,0.019,-0.077,0.081,0.034
-0.223,1.133,1.447,1.0,-0.003,0.007,-0.008,-0.402,-0.06,0.003,-0.069,0.033,-0.123
-0.266,1.126,1.446,1.0,-0.004,0.007,-0.008,-0.393,-0.057,-0.011,-0.078,0.153,-0.023
-0.282,1.124,1.446,1.0,-0.002,0.006,-0.008,-0.391,-0.059,-0.013,0.055,0.013,-0.027
-0.283,1.123,1.446,1.0,-0.003,0.005,-0.008,-0.376,-0.056,-0.013,0.04,-0.087,0.012
-0.303,1.12,1.445,1.0,-0.002,0.006,-0.007,-0.375,-0.063,-0.01,0.024,0.103,0.048
-0.353,1.113,1.443,1.0,-0.003,0.003,-0.008,-0.361,-0.049,-0.025,0.031,-0.176,-0.088
-0.365,1.112,1.442,1.0,-0.001,0.004,-0.007,-0.359,-0.052,-0.02,0.175,0.02,0.003
-0.367,1.111,1.442,1.0,-0.003,0.005,-0.007,-0.364,-0.045,-0.025,0.009,0.103,-0.007
-0.408,1.106,1.441,1.0,-0.001,0.003,-0.007,-0.335,-0.04,-0.009,0.025,-0.047,0.003
-0.444,1.101,1.44,1.0,-0.0,0.003,-0.007,-0.333,-0.039,-0.006,0.029,0.101,-0.02
-0.483,1.096,1.441,1.0,0.003,-0.0,-0.008,-0.321,-0.043,0.008,0.129,-0.149,-0.159
-0.506,1.092,1.442,1.0,0.004,-0.0,-0.007,-0.314,-0.051,0.015,0.063,-0.012,-0.039
-0.55,1.084,1.444,1.0,0.005,0.0,-0.007,-0.311,-0.056,0.008,0.009,-0.08,-0.071
-0.591,1.076,1.446,1.0,0.006,0.001,-0.007,-0.307,-0.07,0.013,0.004,-0.056,-0.071
-0.624,1.067,1.448,1.0,0.007,0.001,-0.006,-0.303,-0.081,0.012,-0.0,-0.201,-0.002
-0.658,1.056,1.45,1.0,0.008,0.006,-0.006,-0.285,-0.089,0.008,0.102,0.148,-0.053
-0.689,1.044,1.45,1.0,0.007,0.007,-0.006,-0.263,-0.107,-0.002,0.018,0.159,-0.085
-0.719,1.031,1.449,1.0,0.006,0.004,-0.005,-0.248,-0.118,-0.006,-0.045,-0.05,0.032
-0.733,1.024,1.448,1.0,0.006,0.004,-0.005,-0.241,-0.127,-0.017,-0.038,0.003,0.045
-0.741,1.02,1.447,1.0,0.005,0.002,-0.004,-0.238,-0.128,-0.021,-0.074,-0.115,0.128
-0.745,1.018,1.447,1.0,0.006,0.002,-0.005,-0.229,-0.128,-0.015,0.045,-0.07,0.05
-0.755,1.012,1.446,1.0,0.006,0.003,-0.004,-0.219,-0.121,-0.01,0.024,0.037,0.072
-0.786,0.993,1.446,1.0,0.005,0.003,-0.005,-0.204,-0.132,0.0,-0.099,0.12,-0.08
-0.793,0.988,1.446,1.0,0.006,0.001,-0.004,-0.214,-0.142,0.009,0.005,-0.042,0.022
-0.794,0.988,1.446,1.0,0.007,0.001,-0.004,-0.209,-0.141,0.004,0.076,-0.003,0.053
-0.8,0.983,1.446,1.0,0.006,-0.0,-0.004,-0.205,-0.142,0.002,-0.092,-0.096,0.02
-0.81,0.976,1.446,1.0,0.007,-0.0,-0.004,-0.204,-0.153,0.005,-0.116,-0.085,0.023
-0.819,0.969,1.446,1.0,0.007,0.0,-0.003,-0.2,-0.151,0.006,-0.027,0.032,-0.032
-0.851,0.941,1.449,1.0,0.011,-0.003,-0.004,-0.186,-0.177,0.012,0.016,-0.12,-0.086
-0.857,0.935,1.449,1.0,0.012,-0.001,-0.003,-0.192,-0.187,0.018,0.016,0.103,0.006
-0.867,0.925,1.45,1.0,0.013,-0.001,-0.003,-0.19,-0.2,0.015,-0.003,0.038,-0.029
-0.875,0.915,1.451,1.0,0.013,-0.001,-0.004,-0.187,-0.208,0.012,-0.004,0.1,-0.096
-0.882,0.908,1.451,1.0,0.013,-0.0,-0.004,-0.191,-0.222,0.014,0.019,0.177,-0.033
-0.886,0.902,1.451,1.0,0.014,-0.001,-0.002,-0.194,-0.227,0.008,0.001,0.054,0.094
-0.895,0.892,1.452,1.0,0.014,-0.002,-0.003,-0.178,-0.225,0.009,0.047,0.023,0.055
-0.911,0.869,1.452,1.0,0.012,-0.005,-0.003,-0.183,-0.26,-0.002,-0.05,-0.045,0.035
-0.917,0.86,1.452,1.0,0.013,-0.004,-0.003,-0.18,-0.266,0.003,0.048,0.069,0.04
-0.928,0.844,1.451,1.0,0.013,-0.009,-0.004,-0.187,-0.276,-0.009,0.049,-0.275,-0.01
-0.928,0.844,1.451,1.0,0.013,-0.009,-0.004,-0.187,-0.276,-0.009,0.049,-0.275,-0.01
-0.961,0.79,1.449,1.0,0.01,-0.001,-0.004,-0.176,-0.303,-0.014,-0.005,0.175,-0.014
-0.985,0.748,1.447,1.0,0.009,-0.002,-0.005,-0.18,-0.323,-0.021,-0.026,-0.22,-0.115
-1.005,0.709,1.445,1.0,0.009,0.002,-0.004,-0.162,-0.337,-0.004,0.049,0.188,0.013
-1.024,0.667,1.445,1.0,0.008,0.003,-0.006,-0.157,-0.343,0.005,0.048,0.214,-0.092
-1.042,0.625,1.445,1.0,0.004,-0.003,-0.003,-0.149,-0.352,-0.006,0.035,-0.084,0.207
-1.048,0.61,1.446,1.0,0.003,-0.003,-0.005,-0.144,-0.347,0.007,-0.052,0.005,-0.027
-1.064,0.573,1.448,1.0,0.001,-0.008,-0.004,-0.142,-0.336,0.014,0.0,-0.355,-0.029
-1.078,0.539,1.45,1.0,0.0,-0.005,-0.004,-0.137,-0.321,0.023,0.04,-0.103,-0.053
-1.083,0.529,1.45,1.0,-0.002,-0.001,-0.004,-0.135,-0.313,0.018,-0.174,0.188,0.002
-1.088,0.516,1.451,1.0,0.0,0.001,-0.006,-0.138,-0.3,0.016,0.105,0.243,-0.113
-1.107,0.472,1.452,1.0,0.002,-0.0,-0.005,-0.123,-0.288,0.004,-0.015,0.108,0.034
-1.121,0.44,1.451,1.0,0.005,-0.002,-0.006,-0.121,-0.273,-0.01,0.114,0.049,0.007
-1.134,0.412,1.449,1.0,0.006,-0.006,-0.006,-0.12,-0.276,-0.024,-0.057,-0.173,0.024
-1.148,0.378,1.447,1.0,0.007,-0.004,-0.007,-0.12,-0.268,-0.018,-0.008,-0.029,-0.009
-1.161,0.346,1.446,1.0,0.007,-0.002,-0.007,-0.11,-0.279,-0.0,-0.092,-0.018,-0.053
-1.172,0.315,1.446,1.0,0.008,0.001,-0.006,-0.097,-0.279,0.009,0.069,0.091,-0.022
-1.182,0.283,1.447,1.0,0.008,0.0,-0.005,-0.08,-0.286,0.011,0.001,-0.137,-0.0
-1.191,0.246,1.449,1.0,0.006,0.005,-0.005,-0.063,-0.279,0.009,-0.006,0.184,0.011
-1.197,0.211,1.451,1.0,0.006,0.001,-0.004,-0.051,-0.288,0.008,-0.017,-0.293,0.025
-1.2,0.176,1.453,1.0,0.005,0.004,-0.005,-0.025,-0.305,0.017,-0.032,0.112,0.001
-1.201,0.166,1.453,1.0,0.005,0.003,-0.005,-0.02,-0.3,0.006,-0.032,-0.072,0.014
-1.201,0.154,1.454,1.0,0.006,0.005,-0.004,-0.008,-0.302,0.013,0.069,0.117,0.068
-1.201,0.143,1.454,1.0,0.005,0.005,-0.006,-0.004,-0.292,0.014,-0.007,0.125,-0.028
-1.2,0.092,1.455,1.0,0.003,-0.0,-0.006,0.013,-0.301,0.003,-0.036,-0.011,0.013
-1.197,0.056,1.454,1.0,0.003,-0.002,-0.007,0.027,-0.307,-0.015,-0.017,-0.022,0.022
-1.194,0.022,1.452,1.0,0.003,-0.005,-0.007,0.019,-0.299,-0.023,0.032,-0.103,-0.024
-1.192,-0.01,1.45,1.0,0.003,-0.006,-0.008,0.014,-0.293,-0.012,0.027,0.064,0.026
-1.191,-0.045,1.449,1.0,0.003,-0.005,-0.008,0.012,-0.294,-0.007,-0.012,0.008,-0.03
-1.19,-0.082,1.449,1.0,0.003,-0.005,-0.009,0.002,-0.299,-0.01,0.04,-0.114,-0.092
-1.19,-0.114,1.449,1.0,0.004,-0.005,-0.009,-0.007,-0.29,0.004,0.048,-0.047,-0.056
-1.19,-0.124,1.45,1.0,0.003,-0.001,-0.009,0.001,-0.288,0.011,-0.025,0.183,-0.03
-1.19,-0.134,1.45,1.0,0.002,-0.002,-0.009,-0.004,-0.289,0.009,-0.068,0.005,-0.044
-1.191,-0.144,1.45,1.0,0.002,-0.002,-0.009,-0.008,-0.298,0.008,-0.05,-0.055,-0.044
-1.191,-0.155,1.45,1.0,0.002,-0.002,-0.009,0.0,-0.293,0.013,-0.035,0.087,-0.022
-1.191,-0.168,1.451,1.0,0.002,-0.003,-0.009,-0.002,-0.288,0.012,0.061,-0.034,0.004
-1.191,-0.18,1.451,1.0,0.001,-0.002,-0.009,-0.004,-0.305,0.004,-0.083,-0.0,-0.022
-1.192,-0.205,1.451,1.0,0.002,-0.0,-0.008,-0.019,-0.308,0.0,-0.063,0.059,-0.019
-1.192,-0.209,1.451,1.0,0.002,0.0,-0.008,-0.01,-0.304,-0.003,-0.039,0.059,0.007
-1.193,-0.217,1.45,1.0,0.002,-0.0,-0.008,-0.006,-0.306,-0.003,-0.048,0.054,0.102
-1.194,-0.239,1.45,1.0,0.003,0.001,-0.008,-0.012,-0.307,-0.012,0.048,-0.079,0.05
-1.194,-0.249,1.449,1.0,0.003,0.003,-0.008,-0.008,-0.303,0.001,-0.033,0.215,0.022
-1.194,-0.249,1.449,1.0,0.003,0.003,-0.008,-0.008,-0.303,0.001,-0.033,0.215,0.022
-1.195,-0.27,1.448,1.0,0.004,0.003,-0.008,-0.017,-0.307,-0.016,0.024,0.015,0.031
-1.195,-0.28,1.448,1.0,0.004,0.004,-0.009,-0.008,-0.314,-0.014,0.013,-0.017,0.007
-1.196,-0.325,1.445,1.0,0.006,0.007,-0.006,-0.003,-0.322,-0.006,0.081,0.102,0.184
-1.195,-0.363,1.443,1.0,0.006,0.01,-0.007,0.009,-0.329,-0.012,-0.122,0.161,-0.085
-1.194,-0.374,1.443,1.0,0.008,0.01,-0.007,0.018,-0.343,-0.008,0.079,0.139,0.087
-1.194,-0.377,1.443,1.0,0.007,0.011,-0.007,0.013,-0.334,-0.01,-0.027,0.175,0.021
-1.193,-0.393,1.442,1.0,0.007,0.01,-0.007,0.026,-0.355,-0.02,0.123,-0.092,0.012
-1.192,-0.407,1.442,1.0,0.006,0.011,-0.007,0.031,-0.355,-0.009,-0.083,-0.001,0.015
-1.188,-0.449,1.44,1.0,0.006,0.009,-0.007,0.048,-0.359,-0.009,-0.024,-0.082,0.052
-1.186,-0.461,1.44,1.0,0.006,0.011,-0.007,0.055,-0.364,-0.0,0.058,0.09,-0.05
-1.183,-0.483,1.44,1.0,0.005,0.011,-0.008,0.049,-0.363,0.008,-0.011,-0.039,-0.058
-1.183,-0.483,1.44,1.0,0.005,0.011,-0.008,0.049,-0.363,0.008,-0.011,-0.039,-0.058
-1.164,-0.572,1.44,1.0,0.002,0.017,-0.006,0.099,-0.362,0.01,0.002,0.181,0.053
-1.15,-0.613,1.441,1.0,-0.002,0.019,-0.007,0.129,-0.354,0.013,-0.174,0.115,-0.077
-1.133,-0.652,1.441,1.0,-0.001,0.016,-0.006,0.165,-0.332,0.004,0.054,-0.048,-0.01
-1.112,-0.692,1.442,1.0,0.001,0.013,-0.005,0.188,-0.331,0.004,0.067,-0.171,0.105
-1.088,-0.729,1.443,1.0,-0.002,0.016,-0.005,0.197,-0.301,0.012,-0.078,0.229,0.049
-1.081,-0.739,1.443,1.0,-0.002,0.012,-0.005,0.219,-0.301,0.003,-0.048,-0.174,0.072
-1.075,-0.748,1.443,1.0,-0.002,0.014,-0.006,0.214,-0.296,0.008,-0.038,0.018,0.025
-1.069,-0.755,1.444,1.0,-0.001,0.015,-0.006,0.227,-0.298,0.025,0.149,0.071,-0.003
-1.057,-0.771,1.444,1.0,-0.003,0.013,-0.006,0.223,-0.286,0.013,-0.093,-0.104,-0.053
-1.047,-0.783,1.445,1.0,-0.004,0.015,-0.006,0.237,-0.275,0.025,-0.157,0.163,-0.027
-1.001,-0.832,1.445,1.0,-0.002,0.009,-0.006,0.264,-0.253,0.0,-0.151,-0.031,-0.012
-0.971,-0.862,1.445,1.0,0.002,0.007,-0.005,0.26,-0.259,0.004,0.076,0.031,0.056
-0.942,-0.889,1.444,1.0,0.003,0.007,-0.006,0.261,-0.242,-0.011,-0.042,-0.003,-0.111
-0.91,-0.92,1.443,1.0,0.003,0.005,-0.006,0.274,-0.25,-0.011,-0.014,0.061,-0.085
-0.879,-0.948,1.443,1.0,0.003,0.006,-0.005,0.274,-0.246,0.002,0.021,0.163,-0.057
-0.847,-0.977,1.444,1.0,0.002,0.004,-0.006,0.267,-0.237,0.001,0.099,-0.04,-0.096
-0.817,-1.003,1.445,1.0,-0.001,0.004,-0.005,0.273,-0.233,0.01,0.068,0.196,0.042
-0.786,-1.028,1.445,1.0,-0.005,0.003,-0.006,0.264,-0.212,0.0,-0.065,0.176,-0.02
-0.757,-1.051,1.446,1.0,-0.006,-0.002,-0.007,0.258,-0.199,0.009,0.014,-0.125,-0.029
-0.749,-1.057,1.446,1.0,-0.005,-0.003,-0.005,0.251,-0.196,-0.006,0.06,-0.209,0.18
-0.747,-1.059,1.446,1.0,-0.007,-0.0,-0.007,0.256,-0.185,0.009,-0.134,0.093,-0.038
-0.738,-1.065,1.446,1.0,-0.008,0.0,-0.006,0.253,-0.182,0.004,-0.128,0.019,0.059
-0.724,-1.074,1.446,1.0,-0.005,0.001,-0.007,0.257,-0.173,0.003,0.064,0.108,-0.107
-0.715,-1.081,1.446,1.0,-0.005,0.002,-0.006,0.256,-0.166,-0.008,0.044,0.06,-0.008
-0.673,-1.106,1.445,1.0,-0.003,0.004,-0.007,0.248,-0.142,-0.004,0.044,-0.01,-0.063
-0.644,-1.122,1.444,1.0,-0.003,0.007,-0.008,0.263,-0.134,-0.002,-0.055,0.095,-0.207
-0.616,-1.137,1.443,1.0,-0.001,0.007,-0.007,0.267,-0.139,-0.006,-0.015,0.062,-0.067
-0.585,-1.153,1.442,1.0,0.002,0.008,-0.007,0.282,-0.15,-0.007,0.184,-0.046,0.092
-0.553,-1.17,1.442,1.0,0.0,0.008,-0.009,0.292,-0.148,-0.009,-0.137,0.037,-0.108
-0.517,-1.188,1.442,1.0,-0.002,0.008,-0.009,0.295,-0.151,0.01,-0.153,0.102,-0.144
-0.483,-1.205,1.442,1.0,-0.002,0.007,-0.01,0.309,-0.143,0.001,-0.183,0.154,-0.251
-0.453,-1.219,1.441,1.0,-0.001,0.004,-0.008,0.325,-0.152,-0.004,-0.005,-0.201,-0.003
-0.44,-1.226,1.441,1.0,-0.001,0.002,-0.007,0.319,-0.165,-0.009,-0.032,-0.26,0.078
-0.43,-1.231,1.44,1.0,0.0,0.0,-0.007,0.304,-0.162,-0.022,0.149,-0.452,0.007
-0.413,-1.24,1.44,1.0,-0.001,0.004,-0.006,0.314,-0.162,-0.002,0.086,0.066,0.068
-0.402,-1.246,1.439,1.0,-0.004,0.01,-0.007,0.315,-0.164,-0.019,-0.185,0.46,-0.002
-0.402,-1.246,1.439,1.0,-0.004,0.01,-0.007,0.315,-0.164,-0.019,-0.185,0.46,-0.002
-0.386,-1.254,1.439,1.0,-0.005,0.002,-0.006,0.318,-0.168,-0.015,-0.017,-0.29,0.079
-0.374,-1.259,1.439,1.0,-0.006,0.003,-0.007,0.331,-0.16,-0.016,-0.128,-0.083,-0.007
-0.323,-1.285,1.44,1.0,-0.008,0.003,-0.007,0.308,-0.147,0.004,-0.056,0.043,-0.047
-0.286,-1.302,1.442,1.0,-0.008,0.005,-0.008,0.31,-0.145,0.015,0.086,0.113,-0.121
-0.251,-1.317,1.444,1.0,-0.012,0.007,-0.006,0.316,-0.128,0.025,-0.128,0.174,0.041
-0.24,-1.321,1.444,1.0,-0.011,0.002,-0.005,0.319,-0.125,0.005,-0.077,-0.263,0.054
-0.234,-1.324,1.444,1.0,-0.01,0.005,-0.006,0.309,-0.122,0.026,0.095,0.007,0.003
-0.218,-1.33,1.445,1.0,-0.011,0.005,-0.005,0.303,-0.114,0.013,-0.018,0.097,0.047
-0.203,-1.335,1.445,1.0,-0.016,0.005,-0.005,0.309,-0.103,0.02,-0.484,0.079,-0.016
-0.182,-1.341,1.444,1.0,-0.009,0.004,-0.006,0.325,-0.095,-0.014,0.139,-0.045,-0.153
-0.182,-1.341,1.444,1.0,-0.009,0.004,-0.006,0.325,-0.095,-0.014,0.139,-0.045,-0.153
-0.163,-1.346,1.444,1.0,-0.012,0.012,-0.005,0.323,-0.093,-0.001,-0.078,0.561,0.017
-0.155,-1.348,1.444,1.0,-0.011,0.007,-0.004,0.322,-0.086,-0.004,-0.06,0.13,-0.029
-0.098,-1.359,1.44,1.0,-0.014,0.008,-0.006,0.346,-0.052,-0.024,-0.058,0.163,-0.093
-0.056,-1.364,1.438,1.0,-0.014,0.003,-0.005,0.337,-0.026,-0.027,0.107,-0.535,-0.028
-0.016,-1.365,1.436,1.0,-0.014,0.011,-0.003,0.35,-0.005,-0.016,0.114,0.32,0.13
0.024,-1.363,1.434,1.0,-0.014,0.007,-0.005,0.351,0.023,0.018,0.131,-0.216,0.005
0.063,-1.358,1.434,1.0,-0.016,0.01,-0.004,0.339,0.063,0.025,-0.038,0.424,-0.012
0.103,-1.35,1.435,1.0,-0.015,0.007,-0.004,0.357,0.089,0.011,0.173,-0.124,-0.063
0.115,-1.347,1.436,1.0,-0.017,0.004,-0.005,0.359,0.104,0.025,-0.109,-0.145,-0.073
0.126,-1.343,1.436,1.0,-0.018,0.005,-0.006,0.352,0.104,0.008,-0.318,0.035,-0.143
0.138,-1.34,1.437,1.0,-0.014,0.003,-0.004,0.359,0.1,0.006,0.131,-0.113,0.07
0.156,-1.334,1.438,1.0,-0.014,0.001,-0.003,0.353,0.111,0.012,0.044,-0.357,0.192
0.212,-1.314,1.441,1.0,-0.005,0.003,-0.002,0.354,0.114,0.011,0.199,-0.245,0.264
0.247,-1.301,1.442,1.0,-0.006,0.012,-0.007,0.353,0.133,0.026,-0.177,0.411,-0.286
0.292,-1.285,1.442,1.0,-0.005,0.008,-0.002,0.365,0.112,-0.008,-0.007,-0.394,0.351
0.329,-1.273,1.443,1.0,-0.006,0.012,-0.005,0.375,0.115,0.008,-0.177,0.313,0.174
0.376,-1.259,1.442,1.0,-0.002,0.003,-0.008,0.384,0.12,0.01,0.128,-0.37,-0.232
0.419,-1.246,1.441,1.0,-0.003,0.002,-0.008,0.371,0.126,-0.017,0.126,-0.176,-0.264
0.455,-1.235,1.439,1.0,-0.006,-0.0,-0.009,0.358,0.108,-0.031,-0.022,-0.073,-0.263
0.496,-1.222,1.437,1.0,-0.007,-0.0,-0.007,0.351,0.122,-0.015,-0.034,-0.191,-0.094
0.536,-1.208,1.436,1.0,-0.009,-0.001,-0.005,0.326,0.125,-0.012,-0.026,-0.16,0.143
0.574,-1.192,1.436,1.0,-0.008,0.0,-0.006,0.32,0.146,-0.01,0.112,-0.101,-0.159
0.607,-1.176,1.436,1.0,-0.008,-0.002,-0.005,0.284,0.153,-0.011,-0.2,-0.45,0.116
0.639,-1.157,1.438,1.0,-0.008,0.001,-0.005,0.286,0.172,0.003,0.08,-0.031,0.064
0.673,-1.135,1.44,1.0,-0.01,0.003,-0.004,0.278,0.188,0.011,-0.288,0.047,0.149
0.684,-1.127,1.441,1.0,-0.005,0.002,-0.006,0.256,0.181,0.025,0.268,-0.041,-0.054
0.693,-1.121,1.443,1.0,-0.008,0.004,-0.005,0.262,0.192,0.045,-0.005,-0.013,0.101
0.698,-1.117,1.444,1.0,-0.004,0.002,-0.008,0.264,0.195,0.03,0.228,-0.15,-0.24
0.711,-1.106,1.446,1.0,-0.003,0.001,-0.007,0.251,0.21,0.047,0.175,-0.081,-0.135
0.723,-1.097,1.447,1.0,-0.006,0.001,-0.004,0.257,0.207,0.035,-0.042,-0.047,0.164
0.723,-1.097,1.447,1.0,-0.006,0.001,-0.004,0.257,0.207,0.035,-0.042,-0.047,0.164
0.737,-1.084,1.449,1.0,-0.007,-0.004,-0.005,0.252,0.23,0.027,-0.112,-0.669,-0.013
0.748,-1.075,1.451,1.0,-0.007,0.005,-0.005,0.245,0.215,0.042,0.011,0.331,0.084
0.748,-1.075,1.451,1.0,-0.007,0.005,-0.005,0.245,0.215,0.042,0.011,0.331,0.084
0.764,-1.06,1.452,1.0,-0.004,0.002,-0.007,0.239,0.221,0.03,0.217,-0.076,-0.13
0.772,-1.053,1.452,1.0,-0.005,0.001,-0.005,0.237,0.219,0.012,0.106,-0.167,0.119
0.803,-1.02,1.453,1.0,-0.011,0.002,-0.004,0.222,0.24,0.001,-0.072,-0.101,0.153
0.83,-0.99,1.451,1.0,-0.012,0.005,-0.006,0.217,0.274,-0.01,-0.041,0.024,0.012
0.858,-0.955,1.449,1.0,-0.012,0.005,-0.007,0.243,0.314,-0.005,-0.014,0.121,-0.113
0.866,-0.944,1.448,1.0,-0.009,0.004,-0.008,0.219,0.297,-0.023,0.129,-0.102,-0.171
0.875,-0.933,1.447,1.0,-0.008,0.003,-0.006,0.223,0.29,-0.019,0.277,-0.088,-0.005
0.885,-0.92,1.446,1.0,-0.012,0.002,-0.005,0.237,0.317,-0.026,-0.253,-0.163,0.145
0.922,-0.867,1.443,1.0,-0.007,0.005,-0.006,0.23,0.322,-0.006,0.126,0.048,0.038
0.931,-0.853,1.443,1.0,-0.01,0.004,-0.008,0.239,0.35,-0.01,-0.093,0.013,-0.134
0.939,-0.842,1.442,1.0,-0.009,0.004,-0.007,0.227,0.33,-0.023,0.01,-0.088,-0.026
0.94,-0.841,1.442,1.0,-0.009,0.003,-0.008,0.221,0.334,-0.005,-0.069,-0.155,-0.09
0.956,-0.816,1.442,1.0,-0.008,0.003,-0.009,0.234,0.341,0.004,-0.028,-0.116,-0.102
0.956,-0.816,1.442,1.0,-0.008,0.003,-0.009,0.234,0.341,0.004,-0.028,-0.116,-0.102
1.007,-0.737,1.445,1.0,-0.007,0.007,-0.008,0.227,0.361,0.01,-0.198,0.076,-0.111
1.035,-0.694,1.446,1.0,-0.003,0.005,-0.008,0.229,0.351,-0.005,0.053,-0.062,-0.064
1.062,-0.653,1.446,1.0,-0.002,0.001,-0.006,0.238,0.35,-0.009,-0.115,-0.238,0.118
1.095,-0.604,1.446,1.0,0.0,-0.002,-0.007,0.239,0.346,-0.001,-0.083,-0.279,0.076
1.121,-0.566,1.445,1.0,0.005,-0.002,-0.007,0.221,0.319,0.001,0.246,0.045,0.057
1.146,-0.531,1.445,1.0,0.001,-0.002,-0.006,0.215,0.283,0.003,-0.332,-0.074,0.24
1.156,-0.517,1.445,1.0,0.005,-0.005,-0.007,0.211,0.284,-0.003,0.143,-0.317,0.123
1.162,-0.508,1.445,1.0,0.005,-0.001,-0.009,0.206,0.276,0.008,0.07,0.177,-0.136
1.166,-0.504,1.445,1.0,0.003,-0.003,-0.008,0.202,0.265,-0.005,-0.136,-0.069,0.073
1.177,-0.488,1.446,1.0,0.003,-0.001,-0.009,0.177,0.24,0.002,0.027,0.223,-0.061
1.177,-0.488,1.446,1.0,0.003,-0.001,-0.009,0.177,0.24,0.002,0.027,0.223,-0.061
1.189,-0.472,1.446,1.0,-0.0,-0.005,-0.007,0.172,0.23,0.007,-0.213,0.036,0.038
1.194,-0.466,1.447,1.0,0.004,-0.007,-0.008,0.174,0.221,0.031,0.324,0.036,-0.085
1.213,-0.438,1.447,1.0,-0.003,-0.014,-0.006,0.132,0.198,0.003,-0.051,-0.351,0.134
1.217,-0.43,1.448,1.0,-0.004,-0.012,-0.006,0.129,0.209,0.011,-0.199,-0.021,0.159
1.221,-0.424,1.448,1.0,-0.005,-0.012,-0.008,0.117,0.209,0.005,0.113,-0.022,-0.251
1.228,-0.41,1.449,1.0,-0.006,-0.013,-0.005,0.092,0.193,0.012,0.014,-0.108,0.051
1.231,-0.404,1.449,1.0,-0.006,-0.012,-0.006,0.086,0.193,0.002,-0.094,0.072,0.045
1.238,-0.379,1.449,1.0,-0.01,-0.009,-0.005,0.056,0.191,0.007,-0.212,0.1,0.085
1.24,-0.373,1.449,1.0,-0.009,-0.009,-0.007,0.044,0.192,-0.013,-0.057,0.12,-0.084
1.24,-0.369,1.45,1.0,-0.008,-0.011,-0.006,0.045,0.198,0.012,0.046,-0.087,-0.015
1.241,-0.364,1.449,1.0,-0.007,-0.01,-0.007,0.031,0.19,-0.019,0.118,-0.038,-0.004
1.243,-0.351,1.449,1.0,-0.004,-0.012,-0.008,0.014,0.195,-0.0,0.294,-0.172,-0.188
1.243,-0.351,1.449,1.0,-0.004,-0.012,-0.008,0.014,0.195,-0.0,0.294,-0.172,-0.188
1.242,-0.318,1.449,1.0,-0.009,-0.009,-0.006,-0.02,0.19,0.0,-0.16,-0.059,0.033
1.241,-0.312,1.449,1.0,-0.01,-0.008,-0.007,-0.011,0.188,-0.002,-0.1,0.055,-0.061
1.24,-0.306,1.449,1.0,-0.012,-0.005,-0.007,-0.025,0.18,0.003,-0.191,0.143,0.011
1.238,-0.295,1.448,1.0,-0.009,-0.006,-0.008,-0.042,0.188,-0.013,0.037,-0.007,0.004
1.237,-0.291,1.448,1.0,-0.009,-0.005,-0.008,-0.039,0.181,-0.015,-0.095,-0.039,-0.026
1.229,-0.262,1.444,1.0,-0.004,-0.008,-0.008,-0.065,0.166,-0.035,-0.009,0.091,-0.028
1.221,-0.245,1.442,1.0,-0.004,-0.011,-0.008,-0.087,0.155,-0.034,-0.154,-0.043,0.068
1.21,-0.23,1.44,1.0,-0.001,-0.012,-0.01,-0.102,0.134,-0.032,0.027,-0.095,-0.137
1.207,-0.226,1.439,1.0,-0.002,-0.012,-0.008,-0.108,0.119,-0.028,-0.15,-0.041,0.15
1.2,-0.219,1.439,1.0,-0.001,-0.01,-0.008,-0.112,0.119,-0.002,-0.115,0.089,0.086
1.197,-0.216,1.438,1.0,-0.001,-0.009,-0.008,-0.124,0.105,-0.02,-0.026,0.074,0.109
1.175,-0.2,1.438,1.0,-0.001,-0.006,-0.01,-0.142,0.088,0.001,-0.057,0.058,-0.073
1.171,-0.198,1.437,1.0,0.0,-0.006,-0.008,-0.156,0.088,-0.006,-0.076,0.039,0.078
1.166,-0.195,1.438,1.0,0.001,-0.007,-0.01,-0.145,0.08,0.007,0.018,0.024,-0.086
1.161,-0.193,1.438,1.0,0.0,-0.007,-0.007,-0.152,0.079,0.008,-0.01,0.003,0.098
1.155,-0.19,1.437,1.0,-0.002,-0.007,-0.009,-0.153,0.074,-0.013,-0.083,-0.011,-0.053
1.127,-0.178,1.433,1.0,-0.003,-0.007,-0.008,-0.163,0.066,-0.042,-0.014,-0.083,0.032
1.114,-0.172,1.43,1.0,-0.004,-0.008,-0.009,-0.168,0.078,-0.041,0.022,-0.193,-0.095
1.107,-0.17,1.429,1.0,-0.007,-0.004,-0.007,-0.169,0.068,-0.047,-0.194,0.17,0.041
1.081,-0.158,1.421,1.0,-0.004,-0.002,-0.007,-0.169,0.081,-0.052,0.123,0.078,0.038
1.062,-0.15,1.414,1.0,-0.004,-0.004,-0.008,-0.172,0.082,-0.058,-0.04,0.076,-0.013
1.041,-0.14,1.405,1.0,-0.003,-0.004,-0.007,-0.172,0.088,-0.071,0.117,-0.009,-0.003
1.022,-0.131,1.398,1.0,-0.002,-0.004,-0.007,-0.172,0.081,-0.065,0.048,0.031,0.005
1.002,-0.122,1.391,1.0,-0.003,-0.005,-0.006,-0.174,0.076,-0.051,-0.02,0.003,0.102
0.984,-0.114,1.386,1.0,-0.002,-0.005,-0.007,-0.187,0.092,-0.049,0.111,-0.049,-0.007
0.978,-0.111,1.384,1.0,-0.002,-0.002,-0.007,-0.173,0.08,-0.041,0.0,0.267,-0.028
0.976,-0.11,1.384,1.0,-0.003,-0.003,-0.007,-0.175,0.078,-0.053,-0.043,0.062,-0.03
0.966,-0.105,1.38,1.0,-0.003,-0.005,-0.007,-0.178,0.08,-0.07,-0.058,-0.178,0.004
0.944,-0.095,1.373,1.0,-0.001,-0.001,-0.007,-0.172,0.074,-0.065,0.047,0.149,-0.005
0.939,-0.093,1.371,1.0,0.001,-0.002,-0.008,-0.173,0.078,-0.063,0.067,0.062,-0.012
0.937,-0.092,1.37,1.0,0.0,-0.002,-0.008,-0.175,0.084,-0.073,-0.007,0.046,-0.016
0.908,-0.078,1.356,1.0,0.002,-0.002,-0.006,-0.168,0.076,-0.088,0.03,-0.034,-0.01
0.902,-0.076,1.353,1.0,0.002,-0.002,-0.007,-0.166,0.08,-0.098,0.034,-0.013,-0.041
0.898,-0.074,1.35,1.0,0.002,-0.002,-0.006,-0.155,0.074,-0.094,0.035,0.022,-0.047
0.889,-0.07,1.344,1.0,0.001,-0.003,-0.006,-0.166,0.068,-0.106,-0.051,-0.043,-0.009
0.884,-0.068,1.341,1.0,0.002,-0.003,-0.006,-0.165,0.068,-0.106,0.006,-0.002,0.05
0.856,-0.056,1.324,1.0,0.003,-0.004,-0.007,-0.166,0.06,-0.101,0.04,0.109,-0.007
0.836,-0.049,1.312,1.0,0.001,-0.006,-0.007,-0.17,0.061,-0.097,-0.119,-0.116,-0.036
0.815,-0.042,1.301,1.0,0.002,-0.004,-0.006,-0.177,0.048,-0.09,-0.094,0.182,0.047
0.794,-0.037,1.29,1.0,0.003,-0.004,-0.006,-0.183,0.044,-0.094,-0.127,0.18,0.086
0.787,-0.035,1.287,1.0,0.004,-0.005,-0.006,-0.186,0.043,-0.089,0.032,0.089,0.028
0.782,-0.034,1.284,1.0,0.005,-0.006,-0.007,-0.191,0.042,-0.095,0.059,-0.114,-0.07
0.752,-0.029,1.271,1.0,0.005,-0.005,-0.005,-0.207,0.021,-0.093,0.145,-0.002,0.012
0.728,-0.027,1.261,1.0,0.002,-0.004,-0.006,-0.211,0.014,-0.076,-0.161,0.044,-0.023
0.72,-0.026,1.259,1.0,0.002,-0.003,-0.006,-0.217,0.019,-0.075,-0.018,0.188,-0.065
0.714,-0.026,1.257,1.0,0.003,-0.004,-0.005,-0.21,0.006,-0.069,0.002,-0.04,0.03
0.701,-0.026,1.253,1.0,0.002,-0.003,-0.005,-0.209,0.006,-0.062,0.023,0.018,0.019
0.693,-0.026,1.251,1.0,0.002,-0.003,-0.005,-0.226,0.01,-0.064,-0.026,-0.044,0.04
0.693,-0.026,1.251,1.0,0.002,-0.003,-0.005,-0.226,0.01,-0.064,-0.026,-0.044,0.04
0.688,-0.026,1.249,1.0,0.001,-0.002,-0.006,-0.231,-0.006,-0.068,-0.123,0.081,-0.063
0.675,-0.026,1.246,1.0,0.002,-0.001,-0.006,-0.226,-0.003,-0.05,-0.006,0.137,-0.04
0.639,-0.027,1.236,1.0,0.002,0.0,-0.007,-0.226,-0.01,-0.059,0.101,0.142,-0.177
0.632,-0.027,1.234,1.0,-0.001,-0.002,-0.005,-0.22,-0.007,-0.072,-0.151,-0.073,0.083
0.625,-0.028,1.232,1.0,0.001,-0.0,-0.007,-0.224,-0.013,-0.058,0.078,0.125,-0.08
0.612,-0.029,1.228,1.0,-0.0,-0.003,-0.007,-0.222,-0.013,-0.075,0.027,-0.063,-0.073
0.605,-0.029,1.225,1.0,-0.002,-0.0,-0.005,-0.215,-0.015,-0.069,-0.08,0.159,0.154
0.604,-0.029,1.225,1.0,-0.0,-0.002,-0.007,-0.224,-0.013,-0.081,0.054,-0.05,-0.118
0.59,-0.03,1.22,1.0,-0.001,-0.002,-0.006,-0.223,-0.013,-0.08,0.079,0.003,-0.04
0.59,-0.03,1.22,1.0,-0.001,-0.002,-0.006,-0.223,-0.013,-0.08,0.079,0.003,-0.04
0.558,-0.032,1.205,1.0,-0.002,-0.004,-0.005,-0.222,-0.013,-0.099,0.05,-0.119,0.074
0.53,-0.032,1.19,1.0,-0.005,-0.002,-0.006,-0.223,0.002,-0.127,-0.028,0.148,-0.061
0.504,-0.032,1.175,1.0,-0.003,-0.004,-0.007,-0.222,0.005,-0.133,0.048,-0.02,-0.108
0.477,-0.031,1.16,1.0,-0.004,-0.005,-0.005,-0.232,0.009,-0.13,0.003,-0.024,0.005
0.449,-0.03,1.146,1.0,-0.004,-0.004,-0.003,-0.23,0.022,-0.111,-0.004,-0.063,0.09
0.421,-0.028,1.135,1.0,-0.003,-0.004,-0.003,-0.237,0.013,-0.087,-0.062,-0.105,0.097
0.404,-0.026,1.13,1.0,-0.001,-0.002,-0.004,-0.25,0.014,-0.07,0.078,-0.005,0.066
0.397,-0.026,1.128,1.0,-0.001,-0.001,-0.005,-0.236,0.017,-0.062,0.005,0.116,0.01
0.384,-0.025,1.126,1.0,0.001,0.0,-0.007,-0.23,0.019,-0.044,0.149,0.064,-0.211
0.375,-0.024,1.124,1.0,-0.0,0.001,-0.004,-0.234,0.017,-0.036,0.034,0.043,0.046
0.335,-0.024,1.119,1.0,-0.001,0.0,-0.006,-0.217,0.005,-0.026,-0.071,-0.042,-0.019
0.327,-0.024,1.118,1.0,-0.001,0.0,-0.005,-0.224,-0.003,-0.027,0.028,0.009,-0.05
0.316,-0.024,1.117,1.0,-0.002,0.001,-0.005,-0.216,-0.002,-0.028,-0.028,0.101,0.052
0.308,-0.024,1.115,1.0,-0.001,-0.002,-0.005,-0.21,-0.007,-0.032,0.065,-0.154,0.002
0.308,-0.024,1.115,1.0,-0.001,-0.002,-0.005,-0.21,-0.007,-0.032,0.065,-0.154,0.002
0.294,-0.025,1.113,1.0,-0.0,-0.002,-0.004,-0.206,-0.014,-0.033,0.026,-0.114,0.098
0.288,-0.025,1.112,1.0,0.0,0.001,-0.007,-0.19,-0.006,-0.037,0.033,0.093,-0.109
0.288,-0.025,1.112,1.0,0.0,0.001,-0.007,-0.19,-0.006,-0.037,0.033,0.093,-0.109
0.274,-0.026,1.109,1.0,-0.001,0.0,-0.006,-0.195,-0.014,-0.044,0.094,-0.001,0.001
0.269,-0.027,1.107,1.0,-0.003,0.0,-0.005,-0.198,-0.025,-0.06,-0.128,-0.06,0.165
0.242,-0.028,1.096,1.0,-0.004,0.001,-0.008,-0.183,-0.004,-0.08,-0.081,0.05,-0.076
0.236,-0.029,1.094,1.0,-0.005,0.001,-0.007,-0.191,-0.02,-0.091,-0.156,0.036,-0.022
0.23,-0.029,1.091,1.0,-0.004,0.002,-0.007,-0.177,0.0,-0.086,-0.016,0.049,-0.085
0.226,-0.029,1.088,1.0,-0.004,0.0,-0.005,-0.186,-0.013,-0.101,-0.106,-0.05,0.098
0.212,-0.03,1.081,1.0,-0.003,-0.001,-0.007,-0.175,-0.003,-0.106,0.052,-0.053,-0.003
0.181,-0.029,1.062,1.0,-0.002,0.001,-0.007,-0.173,0.008,-0.102,-0.033,0.068,-0.066
0.162,-0.028,1.049,1.0,-0.0,0.002,-0.008,-0.163,0.013,-0.102,0.021,0.031,-0.126
0.148,-0.027,1.04,1.0,-0.001,0.001,-0.007,-0.149,0.016,-0.108,-0.058,-0.153,-0.059
0.144,-0.027,1.037,1.0,-0.001,0.003,-0.006,-0.151,0.006,-0.091,0.015,0.051,0.14
0.137,-0.026,1.033,1.0,-0.003,0.001,-0.006,-0.155,0.017,-0.097,-0.152,-0.086,-0.015
0.131,-0.026,1.029,1.0,0.001,0.002,-0.007,-0.136,0.018,-0.085,0.167,-0.075,-0.146
0.131,-0.026,1.029,1.0,0.001,0.002,-0.007,-0.136,0.018,-0.085,0.167,-0.075,-0.146
0.113,-0.023,1.019,1.0,-0.001,0.002,-0.008,-0.124,0.022,-0.065,-0.002,-0.1,-0.081
0.106,-0.021,1.015,1.0,-0.0,0.003,-0.008,-0.121,0.026,-0.067,-0.071,0.113,-0.092
0.091,-0.017,1.006,1.0,-0.002,0.004,-0.007,-0.108,0.025,-0.078,-0.107,-0.109,0.089
0.088,-0.016,1.004,1.0,0.0,0.003,-0.008,-0.104,0.034,-0.067,0.033,-0.106,-0.016
0.087,-0.016,1.004,1.0,-0.0,0.004,-0.009,-0.1,0.034,-0.069,-0.014,0.032,-0.136
0.084,-0.015,1.002,1.0,0.001,0.004,-0.006,-0.09,0.025,-0.059,0.139,-0.056,0.071
0.078,-0.013,0.997,1.0,0.001,0.004,-0.008,-0.078,0.033,-0.066,-0.051,-0.008,-0.08
0.076,-0.012,0.995,1.0,-0.0,0.004,-0.006,-0.087,0.026,-0.075,-0.088,0.044,0.081
0.067,-0.008,0.984,1.0,0.002,0.003,-0.008,-0.053,0.03,-0.084,0.063,0.03,-0.081
0.061,-0.005,0.973,1.0,0.002,0.002,-0.007,-0.04,0.025,-0.11,-0.026,-0.122,0.007
0.06,-0.004,0.971,1.0,0.002,0.003,-0.007,-0.04,0.024,-0.097,0.106,0.024,0.022
0.059,-0.003,0.967,1.0,0.003,0.003,-0.006,-0.034,0.031,-0.115,0.132,-0.062,-0.025
0.058,-0.002,0.962,1.0,0.004,0.003,-0.007,-0.031,0.025,-0.111,0.14,0.129,-0.082
0.056,-0.001,0.957,1.0,0.004,0.001,-0.007,-0.024,0.018,-0.117,0.181,-0.213,-0.024
0.056,-0.001,0.956,1.0,0.003,0.001,-0.006,-0.024,0.014,-0.122,-0.037,-0.092,0.099
0.054,-0.0,0.949,1.0,0.001,0.003,-0.008,-0.027,0.018,-0.121,-0.028,0.022,-0.051
0.054,0.0,0.945,1.0,0.002,0.002,-0.006,-0.022,0.014,-0.11,0.056,0.044,0.07
0.053,0.001,0.944,1.0,0.003,0.001,-0.006,-0.024,0.016,-0.115,0.105,-0.025,0.012
0.052,0.002,0.937,1.0,0.002,0.003,-0.006,-0.024,0.016,-0.112,0.006,0.218,0.073
0.052,0.002,0.933,1.0,0.001,-0.002,-0.006,-0.017,0.014,-0.133,-0.141,-0.165,0.038
0.051,0.002,0.932,1.0,0.0,-0.002,-0.006,-0.019,0.009,-0.131,-0.15,-0.116,0.04
0.05,0.003,0.925,1.0,0.002,-0.001,-0.008,-0.02,0.015,-0.128,0.042,0.056,-0.095
0.05,0.004,0.92,1.0,0.003,-0.002,-0.006,-0.014,0.016,-0.149,0.098,-0.141,0.025
0.048,0.006,0.904,1.0,0.003,-0.002,-0.007,-0.02,0.017,-0.151,0.08,-0.131,-0.058
0.046,0.008,0.886,1.0,0.001,-0.001,-0.005,-0.01,0.015,-0.163,-0.055,-0.136,0.1
0.045,0.01,0.866,1.0,0.001,0.001,-0.006,-0.007,0.016,-0.17,0.018,-0.056,0.016
0.044,0.012,0.847,1.0,0.001,0.002,-0.008,0.0,0.02,-0.174,-0.015,-0.043,-0.122
0.044,0.015,0.829,1.0,0.001,0.001,-0.006,0.008,0.029,-0.151,-0.013,-0.12,-0.008
0.044,0.015,0.821,1.0,0.0,0.003,-0.005,-0.003,0.021,-0.14,-0.151,0.127,0.067
0.045,0.017,0.814,1.0,0.001,0.003,-0.005,0.009,0.023,-0.149,0.008,-0.03,0.061
0.048,0.02,0.793,1.0,0.005,-0.002,-0.007,0.029,0.026,-0.122,0.01,-0.274,-0.245
0.05,0.021,0.781,1.0,0.005,-0.001,-0.006,0.018,0.008,-0.103,-0.096,0.011,0.013
0.052,0.021,0.771,1.0,0.007,-0.001,-0.005,0.021,-0.004,-0.089,0.03,-0.017,0.066
0.055,0.019,0.76,1.0,0.007,-0.002,-0.004,0.019,-0.026,-0.087,0.045,0.027,0.04
0.057,0.016,0.751,1.0,0.006,-0.004,-0.004,0.02,-0.038,-0.088,0.085,-0.12,0.056
0.059,0.011,0.741,1.0,0.002,-0.004,-0.005,0.018,-0.048,-0.085,-0.147,0.0,0.081
0.061,0.006,0.731,1.0,-0.0,-0.003,-0.004,0.012,-0.046,-0.077,-0.093,0.134,0.037
0.061,0.001,0.722,1.0,-0.0,-0.003,-0.006,-0.001,-0.043,-0.066,0.062,0.063,-0.061
0.061,-0.004,0.715,1.0,-0.002,-0.006,-0.005,-0.008,-0.047,-0.066,-0.066,0.077,0.082
0.059,-0.008,0.706,1.0,-0.001,-0.007,-0.005,-0.017,-0.035,-0.079,0.067,-0.074,0.073
0.056,-0.013,0.697,1.0,-0.003,-0.008,-0.006,-0.025,-0.031,-0.084,-0.098,-0.145,-0.005
0.053,-0.016,0.687,1.0,-0.003,-0.004,-0.007,-0.035,-0.031,-0.083,-0.052,0.134,0.038
0.049,-0.02,0.678,1.0,-0.003,-0.004,-0.007,-0.032,-0.025,-0.084,0.047,-0.111,-0.017
0.045,-0.023,0.668,1.0,-0.003,0.001,-0.008,-0.037,-0.028,-0.083,-0.061,0.241,0.007
0.041,-0.025,0.658,1.0,-0.003,-0.0,-0.008,-0.029,-0.023,-0.08,-0.028,-0.086,0.008
0.038,-0.028,0.649,1.0,-0.001,0.001,-0.007,-0.029,-0.023,-0.083,0.022,0.098,0.109
0.035,-0.03,0.64,1.0,-0.002,-0.001,-0.008,-0.025,-0.025,-0.076,-0.03,0.043,0.038
0.033,-0.033,0.631,1.0,-0.0,-0.003,-0.008,-0.017,-0.015,-0.093,0.061,-0.191,0.085
0.03,-0.037,0.621,1.0,0.0,0.0,-0.006,-0.016,-0.04,-0.093,0.116,-0.041,0.116
0.03,-0.038,0.619,1.0,-0.003,-0.001,-0.009,-0.018,-0.03,-0.079,-0.168,0.035,-0.07
0.029,-0.04,0.616,1.0,-0.003,0.001,-0.009,-0.018,-0.034,-0.08,-0.037,0.163,-0.076
0.029,-0.041,0.613,1.0,-0.002,0.001,-0.009,-0.012,-0.033,-0.081,0.04,-0.083,-0.054
0.028,-0.043,0.61,1.0,-0.003,-0.002,-0.009,-0.011,-0.038,-0.087,0.067,-0.168,-0.037
0.026,-0.049,0.595,1.0,-0.004,-0.002,-0.008,-0.02,-0.042,-0.092,0.031,-0.135,0.066
0.026,-0.051,0.588,1.0,-0.006,-0.0,-0.008,-0.008,-0.025,-0.1,-0.024,0.0,0.082
0.026,-0.051,0.588,1.0,-0.005,0.0,-0.007,-0.007,-0.025,-0.095,0.044,0.05,0.103
0.026,-0.052,0.582,1.0,-0.007,0.001,-0.009,0.005,-0.024,-0.103,-0.012,0.075,-0.058
0.026,-0.054,0.572,1.0,-0.006,0.001,-0.007,0.003,-0.025,-0.112,-0.043,-0.049,0.036
0.027,-0.056,0.558,1.0,-0.004,0.002,-0.007,0.014,-0.019,-0.121,0.065,0.177,0.031
0.029,-0.058,0.544,1.0,-0.005,0.0,-0.008,0.016,-0.013,-0.116,-0.073,-0.045,-0.065
0.03,-0.06,0.532,1.0,-0.004,-0.003,-0.008,0.014,-0.019,-0.12,-0.029,-0.027,0.011
0.031,-0.06,0.526,1.0,-0.005,-0.005,-0.008,0.013,-0.013,-0.116,-0.132,-0.151,0.003
0.031,-0.061,0.523,1.0,-0.003,-0.006,-0.008,0.012,-0.013,-0.125,0.066,-0.096,-0.015
0.032,-0.062,0.514,1.0,-0.003,-0.004,-0.007,0.002,-0.015,-0.117,0.048,0.128,0.109
0.032,-0.062,0.514,1.0,-0.003,-0.004,-0.007,0.002,-0.015,-0.117,0.048,0.128,0.109
0.032,-0.065,0.497,1.0,-0.005,-0.003,-0.008,-0.004,-0.015,-0.107,-0.089,-0.009,-0.025
0.032,-0.065,0.491,1.0,-0.004,-0.001,-0.009,-0.005,-0.011,-0.11,0.043,0.139,-0.05
0.032,-0.066,0.485,1.0,-0.005,-0.001,-0.009,-0.001,-0.009,-0.117,0.02,0.107,-0.092
0.032,-0.067,0.478,1.0,-0.005,-0.004,-0.008,-0.008,-0.013,-0.108,0.011,-0.132,-0.021
0.032,-0.067,0.478,1.0,-0.005,-0.004,-0.008,-0.008,-0.013,-0.108,0.011,-0.132,-0.021
0.031,-0.067,0.47,1.0,-0.007,-0.002,-0.009,-0.011,-0.011,-0.116,-0.16,0.131,-0.101
0.031,-0.067,0.467,1.0,-0.006,-0.003,-0.008,-0.008,0.0,-0.118,0.043,0.005,0.034
0.029,-0.069,0.45,1.0,-0.003,-0.005,-0.007,-0.008,-0.009,-0.142,0.056,0.024,0.084
0.029,-0.069,0.446,1.0,-0.003,-0.004,-0.008,-0.018,-0.004,-0.143,0.0,-0.192,0.055
0.029,-0.069,0.445,1.0,-0.003,-0.003,-0.008,-0.018,-0.002,-0.143,0.013,-0.033,-0.021
0.028,-0.069,0.44,1.0,-0.004,-0.002,-0.008,-0.013,0.0,-0.149,-0.12,0.037,0.024
0.028,-0.069,0.433,1.0,-0.003,-0.004,-0.008,-0.009,0.004,-0.161,-0.019,-0.188,0.022
0.027,-0.069,0.424,1.0,-0.003,-0.003,-0.008,-0.015,-0.004,-0.161,0.014,0.023,-0.002
0.027,-0.069,0.424,1.0,-0.003,-0.003,-0.008,-0.015,-0.004,-0.161,0.014,0.023,-0.002
0.024,-0.069,0.388,1.0,-0.003,0.002,-0.009,-0.016,-0.008,-0.183,0.052,0.262,-0.009
0.023,-0.069,0.365,1.0,-0.004,-0.001,-0.007,-0.005,0.001,-0.2,-0.006,-0.035,0.06
0.023,-0.068,0.341,1.0,-0.005,0.003,-0.009,0.003,0.009,-0.214,-0.067,0.358,-0.03
0.023,-0.068,0.333,1.0,-0.006,-0.001,-0.008,0.003,0.006,-0.21,0.002,0.022,0.052
0.023,-0.068,0.325,1.0,-0.003,-0.002,-0.009,-0.008,0.008,-0.214,0.215,-0.036,-0.169
0.023,-0.067,0.319,1.0,-0.004,-0.004,-0.008,0.006,0.005,-0.202,0.055,-0.23,-0.008
0.023,-0.067,0.311,1.0,-0.007,-0.0,-0.008,0.003,0.002,-0.197,-0.221,0.219,0.052
